1	转身衣装	201	4
2	转身衣装·改	201	4
3	不动衣装	201	17
4	不动衣装·改	201	17
5	隐身衣装	201	13
6	隐身衣装·改	201	13
7	体力衣装	201	2
8	体力衣装·改	201	2
9	疗愈烟筒	114	2
10	疗愈烟筒·改	114	2
11	解除烟筒	114	15
12	解除烟筒·改	114	15
13	滑空衣装	201	3
14	滑空衣装·改	201	3
15	掠夺衣装	201	4
16	掠夺衣装·改	201	4
17	耐雷衣装	201	10
18	耐雷衣装·改	201	10
19	耐水衣装	201	12
20	耐水衣装·改	201	12
21	耐寒衣装	201	0
22	耐寒衣装·改	201	0
23	耐热衣装	201	1
24	耐热衣装·改	201	1
25	挑衅衣装	201	10
26	挑衅衣装·改	201	10
27	达人烟筒	114	1
28	达人烟筒·改	114	1
29	耐龙衣装	201	10
30	耐龙衣装·改	201	10
31	化合衣装	201	19
32	化合衣装·改	201	19
33	免疫衣装	201	10
34	免疫衣装·改	201	10
35	强打衣装	201	1
36	强打衣装·改	201	1
37	回避衣装	201	10
38	回避衣装·改	201	10
39	刺客衣装	81	10
40	刺客衣装·改	81	10