1	耐毒珠【1】	67	5
2	耐麻珠【1】	67	9
3	耐眠珠【1】	67	6
4	耐绝珠【1】	67	4
5	耐爆珠【1】	67	25
6	耐裂珠【1】	67	7
7	耐防珠【1】	67	7
8	防音珠【3】	69	0
9	防风珠【2】	68	0
10	耐震珠【2】	68	10
11	攻击珠【1】	67	1
12	防御珠【1】	67	7
13	体力珠【1】	67	2
14	早复珠【1】	67	2
15	耐火珠【1】	67	1
16	耐水珠【1】	67	3
17	耐冰珠【1】	67	0
18	耐雷珠【1】	67	4
19	耐龙珠【1】	67	14
20	耐属珠【1】	67	19
21	火炎珠【1】	67	1
22	流水珠【1】	67	3
23	冰结珠【1】	67	0
24	雷光珠【1】	67	4
25	破龙珠【1】	67	14
26	毒珠【1】	67	5
27	麻痹珠【1】	67	9
28	睡眠珠【1】	67	6
29	爆破珠【1】	67	25
30	毒瓶珠【3】	69	5
31	痹瓶珠【3】	69	9
32	眠瓶珠【3】	69	6
33	爆瓶珠【3】	69	25
34	解放珠【3】	69	12
35	达人珠【1】	67	15
36	超心珠【2】	68	15
37	痛击珠【2】	68	15
38	缩短珠【2】	68	24
39	匠珠【3】	69	0
40	拔刀珠【2】	68	15
41	重击珠【2】	68	10
42	击晕珠【2】	68	4
43	夺气珠【1】	67	6
44	飞燕珠【2】	68	3
45	全开珠【2】	68	1
46	挑战珠【2】	68	1
47	无伤珠【2】	68	1
48	底力珠【2】	68	1
49	逆境珠【1】	67	14
50	逆上珠【2】	68	14
51	鼓笛珠【1】	67	0
52	增弹珠【2】	68	10
53	特射珠【1】	67	10
54	炮术珠【1】	67	10
55	炮手珠【1】	67	10
56	强走珠【2】	68	7
57	体术珠【2】	68	7
58	早气珠【2】	68	7
59	无食珠【1】	67	7
60	回避珠【2】	68	6
61	跳跃珠【2】	68	6
62	铁壁珠【1】	67	10
63	速纳珠【1】	67	24
64	友爱珠【1】	67	0
65	持续珠【1】	67	24
66	节食珠【1】	67	24
67	快吃珠【1】	67	7
68	研磨珠【1】	67	4
69	爆师珠【1】	67	25
70	茸好珠【1】	67	5
71	加护珠【1】	67	3
72	指示珠【1】	67	24
73	植学珠【1】	67	26
74	地学珠【1】	67	24
75	浑身珠【2】	68	1
76	投石珠【1】	67	26
77	潜伏珠【1】	67	10
78	耐冲珠【3】	69	10
79	烟复珠【1】	67	0
80	沼渡珠【1】	67	3
81	标本珠【1】	67	2
82	嗅觉珠【1】	67	7
83	威吓珠【1】	67	0
84	滑走珠【2】	68	1
85	治愈珠【1】	67	2
86	强弹珠【3】	69	0
87	贯通珠【3】	69	3
88	散弹珠【3】	69	13
89	昂扬珠【2】	68	24
90	绝路珠【1】	67	6
91	龙封珠【3】	69	14
92	整备珠【1】	67	24
93	强弓珠【2】	68	3
94	心眼珠【2】	68	1
95	强壁珠【2】	68	4
96	刚刃珠【2】	68	14
97	无击珠【2】	68	11
98	耐瘴珠【1】	67	11
99	转福珠【3】	69	5
100	守势珠【2】	68	0
101	耐暑珠【2】	68	7
102	耐火珠2【4】	73	1
103	耐水珠2【4】	73	3
104	耐冰珠2【4】	73	0
105	耐雷珠2【4】	73	4
106	耐龙珠2【4】	73	14
107	火炎珠2【4】	73	1
108	流水珠2【4】	73	3
109	冰结珠2【4】	73	0
110	雷光珠2【4】	73	4
111	破龙珠2【4】	73	14
112	毒珠2【4】	73	5
113	麻痹珠2【4】	73	9
114	睡眠珠2【4】	73	6
115	爆破珠2【4】	73	25
116	耐火珠3【4】	73	1
117	耐水珠3【4】	73	3
118	耐冰珠3【4】	73	0
119	耐雷珠3【4】	73	4
120	耐龙珠3【4】	73	14
121	耐毒珠2【4】	73	5
122	耐麻珠2【4】	73	9
123	耐眠珠2【4】	73	6
124	耐绝珠2【4】	73	4
125	耐爆珠2【4】	73	25
126	耐裂珠2【4】	73	7
127	耐防珠2【4】	73	7
128	耐瘴珠2【4】	73	11
129	无食珠2【4】	73	7
130	早复珠2【4】	73	2
131	潜伏珠2【4】	73	10
132	威吓珠2【4】	73	0
133	指示珠2【4】	73	24
134	潜伏珠3【4】	73	10
135	威吓珠3【4】	73	0
136	指示珠3【4】	73	24
137	特射珠2【4】	73	10
138	炮手珠2【4】	73	10
139	植学珠2【4】	73	26
140	地学珠2【4】	73	24
141	环境珠2【4】	73	0
142	沼渡珠2【4】	73	3
143	标本珠2【4】	73	2
144	鼓笛珠2【4】	73	0
145	植学珠4【4】	73	26
146	地学珠3【4】	73	24
147	环境珠3【4】	73	0
148	标本珠3【4】	73	2
149	持续珠2【4】	73	24
150	防御珠2【4】	73	7
151	持续珠3【4】	73	24
152	防御珠3【4】	73	7
153	炮术珠2【4】	73	10
154	防音珠2【4】	73	0
155	防风珠2【4】	73	0
156	攻击珠2【4】	73	1
157	达人珠2【4】	73	15
158	匠珠2【4】	73	0
159	全开珠2【4】	73	1
160	挑战珠2【4】	73	1
161	底力珠2【4】	73	1
162	逆上珠2【4】	73	14
163	体术珠2【4】	73	7
164	回避珠2【4】	73	6
165	铁壁珠2【4】	73	10
166	友爱珠2【4】	73	0
167	夺气·体术珠【4】	73	6
168	逆境·体术珠【4】	73	14
169	绝路·体术珠【4】	73	6
170	铁壁·体术珠【4】	73	10
171	友爱·体术珠【4】	73	0
172	节食·体术珠【4】	73	24
173	投石·体术珠【4】	73	26
174	耐属·体术珠【4】	73	19
175	飞燕·体术珠【4】	73	3
176	强走·体术珠【4】	73	7
177	早气·体术珠【4】	73	7
178	跳跃·体术珠【4】	73	6
179	速纳·体术珠【4】	73	24
180	快吃·体术珠【4】	73	7
181	研磨·体术珠【4】	73	4
182	爆师·体术珠【4】	73	25
183	茸好·体术珠【4】	73	5
184	滑走·体术珠【4】	73	1
185	守势·体术珠【4】	73	0
186	夺气·回避珠【4】	73	6
187	逆境·回避珠【4】	73	14
188	绝路·回避珠【4】	73	6
189	铁壁·回避珠【4】	73	10
190	友爱·回避珠【4】	73	0
191	节食·回避珠【4】	73	24
192	投石·回避珠【4】	73	26
193	耐属·回避珠【4】	73	19
194	飞燕·回避珠【4】	73	3
195	强走·回避珠【4】	73	7
196	早气·回避珠【4】	73	7
197	跳跃·回避珠【4】	73	6
198	速纳·回避珠【4】	73	24
199	快吃·回避珠【4】	73	7
200	研磨·回避珠【4】	73	4
201	爆师·回避珠【4】	73	25
202	茸好·回避珠【4】	73	5
203	滑走·回避珠【4】	73	1
204	守势·回避珠【4】	73	0
205	夺气·攻击珠【4】	73	6
206	逆境·攻击珠【4】	73	14
207	绝路·攻击珠【4】	73	6
208	铁壁·攻击珠【4】	73	10
209	友爱·攻击珠【4】	73	0
210	节食·攻击珠【4】	73	24
211	投石·攻击珠【4】	73	26
212	耐属·攻击珠【4】	73	19
213	飞燕·攻击珠【4】	73	3
214	强走·攻击珠【4】	73	7
215	早气·攻击珠【4】	73	7
216	跳跃·攻击珠【4】	73	6
217	速纳·攻击珠【4】	73	24
218	快吃·攻击珠【4】	73	7
219	研磨·攻击珠【4】	73	4
220	爆师·攻击珠【4】	73	25
221	茸好·攻击珠【4】	73	5
222	滑走·攻击珠【4】	73	1
223	守势·攻击珠【4】	73	0
224	夺气·达人珠【4】	73	6
225	逆境·达人珠【4】	73	14
226	绝路·达人珠【4】	73	6
227	铁壁·达人珠【4】	73	10
228	友爱·达人珠【4】	73	0
229	节食·达人珠【4】	73	24
230	投石·达人珠【4】	73	26
231	耐属·达人珠【4】	73	19
232	飞燕·达人珠【4】	73	3
233	强走·达人珠【4】	73	7
234	早气·达人珠【4】	73	7
235	跳跃·达人珠【4】	73	6
236	速纳·达人珠【4】	73	24
237	快吃·达人珠【4】	73	7
238	研磨·达人珠【4】	73	4
239	爆师·达人珠【4】	73	25
240	茸好·达人珠【4】	73	5
241	滑走·达人珠【4】	73	1
242	守势·达人珠【4】	73	0
243	夺气·解放珠【4】	73	6
244	逆境·解放珠【4】	73	14
245	绝路·解放珠【4】	73	6
246	铁壁·解放珠【4】	73	10
247	友爱·解放珠【4】	73	0
248	节食·解放珠【4】	73	24
249	投石·解放珠【4】	73	26
250	耐属·解放珠【4】	73	19
251	飞燕·解放珠【4】	73	3
252	强走·解放珠【4】	73	7
253	早气·解放珠【4】	73	7
254	跳跃·解放珠【4】	73	6
255	速纳·解放珠【4】	73	24
256	快吃·解放珠【4】	73	7
257	研磨·解放珠【4】	73	4
258	爆师·解放珠【4】	73	25
259	茸好·解放珠【4】	73	5
260	滑走·解放珠【4】	73	1
261	守势·解放珠【4】	73	0
262	夺气·匠珠【4】	73	6
263	逆境·匠珠【4】	73	14
264	绝路·匠珠【4】	73	6
265	铁壁·匠珠【4】	73	10
266	友爱·匠珠【4】	73	0
267	节食·匠珠【4】	73	24
268	投石·匠珠【4】	73	26
269	耐属·匠珠【4】	73	19
270	飞燕·匠珠【4】	73	3
271	强走·匠珠【4】	73	7
272	早气·匠珠【4】	73	7
273	跳跃·匠珠【4】	73	6
274	速纳·匠珠【4】	73	24
275	快吃·匠珠【4】	73	7
276	研磨·匠珠【4】	73	4
277	爆师·匠珠【4】	73	25
278	茸好·匠珠【4】	73	5
279	滑走·匠珠【4】	73	1
280	守势·匠珠【4】	73	0
281	耐震·加护珠【4】	73	10
282	缩短·加护珠【4】	73	24
283	昂扬·加护珠【4】	73	24
284	重击·加护珠【4】	73	10
285	击晕·加护珠【4】	73	4
286	底力·加护珠【4】	73	1
287	防风·加护珠【4】	73	0
288	拔刀·加护珠【4】	73	15
289	全开·加护珠【4】	73	1
290	挑战·加护珠【4】	73	1
291	无伤·加护珠【4】	73	1
292	逆上·加护珠【4】	73	14
293	浑身·加护珠【4】	73	1
294	耐冲·加护珠【4】	73	10
295	转福·加护珠【4】	73	5
296	防音·加护珠【4】	73	0
297	超心·加护珠【4】	73	15
298	痛击·加护珠【4】	73	15
299	匠·加护珠【4】	73	0
300	解放·加护珠【4】	73	12
301	耐震·治愈珠【4】	73	10
302	缩短·治愈珠【4】	73	24
303	昂扬·治愈珠【4】	73	24
304	重击·治愈珠【4】	73	10
305	击晕·治愈珠【4】	73	4
306	底力·治愈珠【4】	73	1
307	防风·治愈珠【4】	73	0
308	拔刀·治愈珠【4】	73	15
309	全开·治愈珠【4】	73	1
310	挑战·治愈珠【4】	73	1
311	无伤·治愈珠【4】	73	1
312	逆上·治愈珠【4】	73	14
313	浑身·治愈珠【4】	73	1
314	耐冲·治愈珠【4】	73	10
315	转福·治愈珠【4】	73	5
316	防音·治愈珠【4】	73	0
317	超心·治愈珠【4】	73	15
318	痛击·治愈珠【4】	73	15
319	匠·治愈珠【4】	73	0
320	解放·治愈珠【4】	73	12
321	耐震·体力珠【4】	73	10
322	缩短·体力珠【4】	73	24
323	昂扬·体力珠【4】	73	24
324	重击·体力珠【4】	73	10
325	击晕·体力珠【4】	73	4
326	底力·体力珠【4】	73	1
327	防风·体力珠【4】	73	0
328	拔刀·体力珠【4】	73	15
329	全开·体力珠【4】	73	1
330	挑战·体力珠【4】	73	1
331	无伤·体力珠【4】	73	1
332	逆上·体力珠【4】	73	14
333	浑身·体力珠【4】	73	1
334	耐冲·体力珠【4】	73	10
335	转福·体力珠【4】	73	5
336	防音·体力珠【4】	73	0
337	超心·体力珠【4】	73	15
338	痛击·体力珠【4】	73	15
339	匠·体力珠【4】	73	0
340	解放·体力珠【4】	73	12
341	耐震·整备珠【4】	73	10
342	缩短·整备珠【4】	73	24
343	昂扬·整备珠【4】	73	24
344	重击·整备珠【4】	73	10
345	击晕·整备珠【4】	73	4
346	底力·整备珠【4】	73	1
347	防风·整备珠【4】	73	0
348	拔刀·整备珠【4】	73	15
349	全开·整备珠【4】	73	1
350	挑战·整备珠【4】	73	1
351	无伤·整备珠【4】	73	1
352	逆上·整备珠【4】	73	14
353	浑身·整备珠【4】	73	1
354	耐冲·整备珠【4】	73	10
355	转福·整备珠【4】	73	5
356	防音·整备珠【4】	73	0
357	超心·整备珠【4】	73	15
358	痛击·整备珠【4】	73	15
359	匠·整备珠【4】	73	0
360	解放·整备珠【4】	73	12
361	耐震·体术珠【4】	73	10
362	缩短·体术珠【4】	73	24
363	昂扬·体术珠【4】	73	24
364	重击·体术珠【4】	73	10
365	击晕·体术珠【4】	73	4
366	底力·体术珠【4】	73	1
367	防风·体术珠【4】	73	0
368	拔刀·体术珠【4】	73	15
369	全开·体术珠【4】	73	1
370	挑战·体术珠【4】	73	1
371	无伤·体术珠【4】	73	1
372	逆上·体术珠【4】	73	14
373	浑身·体术珠【4】	73	1
374	耐冲·体术珠【4】	73	10
375	转福·体术珠【4】	73	5
376	防音·体术珠【4】	73	0
377	超心·体术珠【4】	73	15
378	痛击·体术珠【4】	73	15
379	匠·体术珠【4】	73	0
380	解放·体术珠【4】	73	12
381	耐震·回避珠【4】	73	10
382	缩短·回避珠【4】	73	24
383	昂扬·回避珠【4】	73	24
384	重击·回避珠【4】	73	10
385	击晕·回避珠【4】	73	4
386	底力·回避珠【4】	73	1
387	防风·回避珠【4】	73	0
388	拔刀·回避珠【4】	73	15
389	全开·回避珠【4】	73	1
390	挑战·回避珠【4】	73	1
391	无伤·回避珠【4】	73	1
392	逆上·回避珠【4】	73	14
393	浑身·回避珠【4】	73	1
394	耐冲·回避珠【4】	73	10
395	转福·回避珠【4】	73	5
396	防音·回避珠【4】	73	0
397	超心·回避珠【4】	73	15
398	痛击·回避珠【4】	73	15
399	匠·回避珠【4】	73	0
400	解放·回避珠【4】	73	12
401	耐寒珠【2】	68	0
402	佯动珠【3】	69	7
403	受身珠【3】	69	3
404	削击珠【3】	69	1
405	环境珠【1】	67	10
