1	毒耐性	97	5
2	麻痹耐性	97	9
3	睡眠耐性	97	6
4	昏厥耐性	97	4
5	泥耐性	97	10
6	爆破异常状态的耐性	97	25
7	裂伤耐性	97	7
8	防御力下降耐性	97	7
9	耳塞	97	0
10	风压耐性	97	0
11	耐震	97	10
12	异臭名人	97	11
13	适应瘴气环境	97	11
14	热伤害无效	97	7
15	攻击	97	1
16	防御	97	7
17	体力增强	97	2
18	体力回复量上升	97	2
19	回复速度	97	2
20	火耐性	97	1
21	水耐性	97	3
22	冰耐性	97	0
23	雷耐性	97	4
24	龙耐性	97	14
25	属性异常状态的耐性	97	19
26	火属性攻击强化	97	1
27	水属性攻击强化	97	3
28	冰属性攻击强化	97	0
29	雷属性攻击强化	97	4
30	龙属性攻击强化	97	14
31	毒属性强化	97	5
32	麻痹属性强化	97	9
33	睡眠属性强化	97	6
34	爆破属性强化	97	25
35	通常弹与通常箭强化	97	0
36	贯通弹与龙之箭强化	97	3
37	散弹·刚射强化	97	13
38	毒瓶追加	97	5
39	麻痹瓶追加	97	9
40	睡眠瓶追加	97	6
41	爆破瓶追加	97	25
42	属性解放／装填扩充	97	12
43	看破	97	15
44	超会心	97	15
45	弱点特效	97	15
46	集中	97	24
47	强化持续	97	24
48	匠	97	0
49	拔刀术【技】	97	15
50	破坏王	97	10
51	击晕术	97	4
52	夺取耐力	97	6
53	骑乘名人	97	3
54	飞燕	97	3
55	力量解放	97	1
56	挑战者	97	1
57	无伤	97	1
58	火场怪力	97	1
59	不屈	97	14
60	怨恨	97	14
61	死里逃生	97	6
62	吹笛名人	97	0
63	炮弹装填数提升	97	10
64	特殊射击强化	97	10
65	炮术	97	10
66	炮击手	97	10
67	跑者	97	7
68	体术	97	7
69	飞身跃入	97	6
70	耐力急速回复	97	7
71	饥饿耐性	97	7
72	回避性能	97	6
73	回避距离提升	97	6
74	防御性能	97	10
75	纳刀术	97	24
76	广域化	97	0
77	道具使用强化	97	24
78	满足感	97	24
79	快吃	97	7
80	砥石使用高速化	97	4
81	炸弹客	97	25
82	最爱蘑菇	97	5
83	钓鱼名人	97	3
84	烤肉名人	97	1
85	搬运达人	97	24
86	采集达人	97	26
87	蜂蜜猎人	97	7
88	剥取铁人	97	10
89	精灵加护	97	3
90	指示随从	97	24
91	植生学	97	26
92	地质学	97	24
93	精神抖擞	97	1
94	投射器装填数	97	26
95	潜伏	97	10
96	减轻胆怯	97	10
97	导虫反应距离提升	97	26
98	蹲下移动速度提升	97	0
99	跳跃铁人	97	3
100	环境利用知识	97	0
101	适应水场·深雪	97	3
102	攀岩者	97	7
103	闪光强化	97	4
104	研究者	97	26
105	昆虫标本达人	97	2
106	瘴气耐性	97	11
107	追踪达人	97	7
108	探索者之幸运	97	0
109	察觉	97	0
110	整备	97	24
111	滑走强化	97	1
112	龙封力强化	97	14
113	威吓	97	0
114	蛮颚龙之力	98	8
115	灭尽龙之饥饿	98	10
116	尸套龙之命脉	98	0
117	火龙之力	98	1
118	角龙之力	98	11
119	幻兽之恩惠	98	0
120	樱火龙之奥秘	98	8
121	蛮颚龙之斗志	98	8
122	火龙之奥秘	98	1
123	角龙之奥秘	98	11
124	幻兽之恩宠	98	0
125	爆锤龙之守护	98	4
126	爆鳞龙之守护	98	0
127	炎王龙之武技	98	1
128	钢龙之飞翔	98	10
129	冥灯龙之神秘	98	0
130	熔山龙之奥秘	98	10
131	公会之指引	98	4
132	调查团之指引	98	26
133	风漂龙之恩宠	98	3
134	风漂龙之恩宠	98	3
135	惨爪龙之力	98	14
136	惨爪龙之奥秘	98	14
137	解放弓的蓄力阶段	97	3
138	心眼／弹道强化	97	1
139	防御强化	97	4
140	刚刃研磨	97	14
141	无属性强化	97	11
142	毅力	97	1
143	加速再生	97	2
144	利刃／弹丸节约	97	0
145	炎妃龙之恩宠	98	3
146	龙骑士之证	98	5
147	会心攻击【属性】	97	0
148	会心攻击【特殊】	97	0
149	猎魔人的心得	98	0
150	星辰的祝福	98	0
151	雷狼龙的真髓	98	12
152	轰龙的真髓	98	7
153	迅龙的真髓	98	5
154	碎龙的真髓	98	3
155	斩龙的真髓	98	15
156	银火龙的真髓	98	0
157	金火龙的真髓	98	4
158	天地煌啼龙的神秘	98	24
159	溟波龙的神秘	98	19
160	冰呪龙的神秘	98	0
161	太古的神秘	98	24
162	调查团的炼金术	98	11
163	教官的引导	98	25
164	蛮颚龙的霸气	98	8
165	雌火龙的真髓	98	2
166	佯动攻击	97	7
167	攻击守势	97	0
168	转祸为福	97	5
169	受身术	97	3
170	冰牙龙的秘技	98	0
171	火龙的真髓	98	1
172	角龙的霸气	98	11
173	风漂龙的霸气	98	3
174	惨爪龙的真髓	98	14
175	爆锤龙的霸气	98	4
176	爆鳞龙的霸气	98	1
177	恐暴龙的真髓	98	14
178	尸套龙的灵脉	98	0
179	幻兽的神秘	98	0
180	公会的见识	98	4
181	熔山龙的真髓	98	10
182	炎妃龙的真髓	98	3
183	灭尽龙的霸气	98	0
184	钝器能手	97	11
185	振奋	97	8
186	寒冷耐性	97	0
187	金狮子的怒气	98	4
188	蓄电池	98	0
189	生还者	98	14
190	冥赤龙的封印	98	1
191	万福的祝福	98	25
192	大感谢的祝福	98	3
193	盛放之祝福	98	14
194	热情的祝福	98	7
195	惊魂夜的祝福	98	16
196	金狮子的斗志	98	4
197	碎龙之斗志	98	26
198	绚辉龙的真髓	98	4
199	冰牙龙的绝技	98	0
200	煌黑龙的神秘	98	5
201	黑龙的传说	98	10
202	飞翔爪攻击强化	97	1
203	新世界	98	24
204	超回复力	98	0
205	捕获名人	98	0
206	毒伤害强化	98	0
207	突破耐力上限	98	0
208	达人艺	98	0
209	风压完全无效	98	0
210	强运	98	0
211	剥取名人	98	0
212	幸运	98	0
213	拔刀术【力】	98	0
214	飞燕【属性】	98	0
215	伊格尼强度	98	0
216	力量解放·极意	98	0
217	满足感·极意	98	0
218	真·利刃／弹丸节约	98	0
219	挑战者·极意	98	0
220	浑身·极意	98	0
221	投射器装填数·极意	98	0
222	真·会心击【属性】	98	0
223	精灵加护·极意	98	0
224	真·会心击【特殊】	98	0
225	大地缝缠	98	0
226	真·大地缝缠	98	0
227	属性加速	98	0
228	真·属性加速	98	0
229	寒气炼成	98	0
230	炸弹客·极意	98	0
231	击晕术·极意	98	0
232	夺取耐力·极意	98	0
233	炮术·极意	98	0
234	整备·极意	98	0
235	古代军械库	98	0
236	丧尸·瘴气耐性	98	0
237	龙脉觉醒	98	0
238	真·龙脉觉醒	98	0
239	万福的献礼	98	0
240	万福的恩惠	98	0
241	大感谢的赠礼	98	0
242	大感谢的恩惠	98	0
243	盛放的献礼	98	0
244	盛放之恩惠	98	0
245	热情的献礼	98	0
246	热情的恩惠	98	0
247	惊魂夜的献礼	98	0
248	惊魂夜的恩惠	98	0
249	火场怪力·极意	98	0
250	耐性变换【属性】	98	0
251	全属性耐性强化	98	0
252	继承	98	0
253	超越	98	0
