127	炎王龙之武技	3;达人艺:发生会心攻击时，不会消耗锐利度。;1, 0, 0, 0
128	钢龙之飞翔	3;风压完全无效:使全部的风压无效。;1, 0, 0, 0
151	雷狼龙的真髓	3;力量解放·极意:力量解放技能的等级上限提升至7级。;1, 0, 0, 0
152	轰龙的真髓	3;满足感·极意:满足感技能的等级上限提升至3级。;1, 0, 0, 0
153	迅龙的真髓	3;真·利刃／弹丸节约:锐利度的消耗降低至1/3。25%概率不消耗弩炮的弹药及弓的瓶发射。;1, 0, 0, 0
154	碎龙的真髓	3;挑战者·极意:挑战者技能的等级上限提升至7级。;1, 0, 0, 0
155	斩龙的真髓	3;浑身·极意:精神抖擞技能的等级上限提升至5级。;1, 0, 0, 0
156	银火龙的真髓	2;投射器装填·极意:投射器装填数技能的等级上限提升至5级。;1, 0, 0, 0|4;真·会心击【属性】:大幅提升会心攻击产生时造成的属性伤害（火、水、雷、冰、龙）。;1, 1, 0, 0
157	金火龙的真髓	2;精灵加护·极意:精灵加护技能的等级上限提升至5级。;1, 0, 0, 0|4;真·会心击【特殊】:大幅提升会心攻击产生时造成的状态异常值（麻痹、毒、睡眠、爆破）。;1, 1, 0, 0
158	天地煌啼龙的神秘	4;大地缝缠:装备衣装时，可获得耐震等级3、风压耐性等级3、耳塞等级3、胆怯无效之效果。;1, 0, 0, 0|5;真·大地缝缠:装备衣装时，可获得耐震等级3、耳塞等级5、风压完全无效、胆怯无效之效果。;2, 0, 0, 0
159	溟波龙的神秘	2;属性加速:若持续攻击命中怪物5次，将获得属性解放/装填扩充等级2，持续45秒。属性攻击力也会增加60（不包括状态异常）。;45, 2, 6, 0|4;真·属性加速:若持续攻击命中怪物5次，将获得属性解放/装填扩充等级3，持续45秒。属性攻击力也会增加150（不包括状态异常）。;45, 3, 15, 0
160	冰呪龙的神秘	2;会心攻击【属性】:提升会心攻击产生时造成的属性伤害（火、水、雷、冰、龙）。;1, 0, 0, 0|4;寒气炼成:纳刀状态下，会慢慢累积寒气，强化攻击力。当近身攻击击中时或发射箭·弹药时，寒气会逐渐丧失。;1, 1, 0, 0
161	太古的神秘	2;会心攻击【特殊】:提升会心攻击产生时造成的状态异常值（麻痹、毒、睡眠、爆破）。放大倍率因武器而异。;1, 0, 0, 0
162	调查团的炼金术	3;炸弹客·极意:炸弹客技能的等级上限提升至5级。;1, 0, 0, 0
164	蛮颚龙的霸气	2;突破耐力上限:耐力上限提升至200。;50, 0, 0, 0
165	雌火龙的真髓	2;毒伤害强化:对怪物施毒的效果时间增至2倍。;200, 0, 0, 0
170	冰牙龙的秘技	2;拔刀术【力】:追加、强化了武器拔刀攻击引起昏厥的能力，攻击力也会+5。;0, 0, 0, 0
171	火龙的真髓	3;心眼／弹道强化:攻击不会被弹开，原本会被弹开的攻击将转为锐利度减少。／缩短弹药、箭矢达到最大威力时的距离。;1, 1, 0, 0
172	角龙的霸气	3;击晕术·极意:击晕术技能的等级上限提升至5级。;1, 0, 0, 0
175	爆锤龙的霸气	2;防御强化:可以防御一般无法防御的攻击。;1, 0, 0, 0
176	爆鳞龙的霸气	2;毅力:当体力在64以上时，即使承受了超过体力的伤害，也能撑住而不耗尽体力一次。;1, 0, 0, 0
177	恐暴龙的真髓	3;夺取耐力·极意:夺取耐力技能的等级上限提升至5级。;1, 0, 0, 0
178	尸套龙的灵脉	2;超回复力:体力在达到槽的最大值前会持续自动回复。;1, 0, 0, 0
179	幻兽的神秘	3;强运:高机率增加任务完成获得的报酬数量。（从任务中途开始使用不会有效果）;1, 0, 0, 0
181	熔山龙的真髓	3;炮术·极意:炮术技能的等级上限提升至5级。;1, 0, 0, 0
182	炎妃龙的真髓	3;整备·极意:整备技能的等级上限提升至5级。;1, 0, 0, 0
183	灭尽龙的霸气	2;加速再生:攻击命中后5秒内重复攻击怪物5次，便能回复体力。回复量会依武器种类不同而有所变动。;1, 0, 0, 0
187	金狮子的怒气	2;心眼／弹道强化:攻击不会被弹开，原本会被弹开的攻击将转为锐利度减少。／缩短弹药、箭矢达到最大威力时的距离。;1, 0, 0, 0|4;刚刃研磨:研磨武器后，1分钟内锐利度不会降低。;1, 60, 0, 0