1	毒耐性	1;减少受到中毒伤害的次数。;200, 0, 0, 0|2;大幅减少受到中毒伤害的次数。;300, 0, 0, 0|3;不会变为中毒状态。;0, 0, 0, 0
2	麻痹耐性	1;减少麻痹状态的时间30％。;70, 0, 0, 0|2;减少麻痹状态的时间60％。;40, 0, 0, 0|3;不会变为麻痹状态。;0, 0, 0, 0
3	睡眠耐性	1;减少睡眠状态的时间30％。;70, 0, 0, 0|2;减少睡眠状态的时间60％。;40, 0, 0, 0|3;不会变为睡眠状态。;0, 0, 0, 0
4	昏厥耐性	1;昏厥状态的时间减少60％。;40, 0, 0, 0|2;昏厥状态的时间减少90％。;10, 0, 0, 0|3;不会变为昏厥状态。;0, 0, 0, 0
5	泥耐性	1;减轻移动速度、回避行动的限制。;1, 1, 0, 0
6	爆破异常状态的耐性	1;延长爆破前的间隔时间，减轻爆破时受到的伤害。;150, 50, 0, 0|2;更加延长爆破前的间隔时间，大幅减轻爆破时遭受的伤害。;200, 25, 0, 0|3;不会变为爆破异常状态。;0, 0, 0, 0
7	裂伤耐性	1;将减轻裂伤状态造成的伤害。;50, 0, 0, 0|2;大幅减轻裂伤状态造成的伤害。;25, 0, 0, 0|3;不会变为裂伤状态。;0, 0, 0, 0
8	防御力下降耐性	1;防御力下降状态的时间减少50％。;50, 0, 0, 0|2;防御力下降状态的时间减少75％。;25, 0, 0, 0|3;不会变为防御力下降状态。;0, 0, 0, 0
9	耳塞	1;小幅减轻咆哮【小】的影响。;20, 100, 0, 0|2;减轻咆哮【小】的影响。;10, 100, 0, 0|3;使咆哮【小】无效。;0, 100, 0, 0|4;使咆哮【小】无效，减轻咆哮【大】的影响。;0, 10, 0, 0|5;使咆哮【小】【大】无效。;0, 0, 0, 0
10	风压耐性	1;小幅减轻风压【小】。;30, 100, 0, 0|2;减轻风压【小】。;20, 100, 0, 0|3;使风压【小】无效。;0, 100, 0, 0|4;使风压【小】无效，减轻风压【大】。;0, 50, 0, 0|5;使风压【小】【大】无效。;0, 0, 0, 0
11	耐震	1;使震动【小】无效。;0, 100, 0, 0|2;使震动【小】无效，减轻震动【大】的影响。;0, 20, 0, 0|3;使震动【小】【大】无效。;0, 0, 0, 0
12	异臭名人	1;提高逃离投射器异臭弹的效果。;100, 0, 0, 0
13	适应瘴气环境	1;使瘴气雾霾无效，减轻酸造成的伤害。;1, 0, 0, 0
14	热伤害无效	1;使热造成的伤害无效。;1, 0, 0, 0
15	攻击	1;基础攻击力＋3;3, 0, 0, 0|2;基础攻击力＋6;6, 0, 0, 0|3;基础攻击力＋9;9, 0, 0, 0|4;基础攻击力＋12、会心率＋5％;12, 5, 0, 0|5;基础攻击力＋15、会心率＋5％;15, 5, 0, 0|6;基础攻击力＋18、会心率＋5％;18, 5, 0, 0|7;基础攻击力＋21、会心率＋5％;21, 5, 0, 0
16	防御	1;防御力＋5;5, 0, 0, 0|2;防御力＋10;10, 0, 0, 0|3;防御力变为1.05倍，防御力＋10;10, 0, 5, 0|4;防御力变为1.05倍，防御力＋20、全属性耐性值＋3;20, 3, 5, 0|5;防御力变为1.08倍，防御力＋20、全属性耐性值＋3;20, 3, 8, 0|6;防御力变为1.08倍，防御力＋35、全属性耐性值＋5;35, 5, 8, 0|7;防御力变为1.1倍，防御力＋35、全属性耐性值＋5;35, 5, 10, 0
17	体力增强	1;体力＋15;15, 0, 0, 0|2;体力＋30;30, 0, 0, 0|3;体力＋50;50, 0, 0, 0
18	体力回复量上升	1;回复量1.1倍;110, 0, 0, 0|2;回复量1.2倍;120, 0, 0, 0|3;回复量1.3倍;130, 0, 0, 0
19	回复速度	1;红色槽的自动回复速度2倍;200, 0, 0, 0|2;红色槽的自动回复速度3倍;300, 0, 0, 0|3;红色槽的自动回复速度4倍;400, 0, 0, 0
20	火耐性	1;火耐性＋6;6, 0, 0, 0|2;火耐性＋12;12, 0, 0, 0|3;火耐性＋20、防御力＋10;20, 10, 0, 0
21	水耐性	1;水耐性＋6;6, 0, 0, 0|2;水耐性＋12;12, 0, 0, 0|3;水耐性＋20、防御力＋10;20, 10, 0, 0
22	冰耐性	1;冰耐性＋6;6, 0, 0, 0|2;冰耐性＋12;12, 0, 0, 0|3;冰耐性＋20、防御力＋10;20, 10, 0, 0
23	雷耐性	1;雷耐性＋6;6, 0, 0, 0|2;雷耐性＋12;12, 0, 0, 0|3;雷耐性＋20、防御力＋10;20, 10, 0, 0
24	龙耐性	1;龙耐性＋6;6, 0, 0, 0|2;龙耐性＋12;12, 0, 0, 0|3;龙耐性＋20、防御力＋10;20, 10, 0, 0
25	属性异常状态的耐性	1;所有属性异常状态的效果时间减少50％。;50, 0, 0, 0|2;所有属性异常状态的效果时间减少75％。;25, 0, 0, 0|3;使全属性异常状态无效。;0, 0, 0, 0
26	火属性攻击强化	1;火属性攻击值＋30;3, 100, 0, 0|2;火属性攻击值＋60;6, 100, 0, 0|3;火属性攻击值＋100;10, 100, 0, 0|4;火属性攻击值变为1.05倍，火属性攻击值＋100;10, 105, 0, 0|5;火属性攻击值变为1.1倍，火属性攻击值＋100;10, 110, 0, 0|6;火属性攻击值变为1.2倍，火属性攻击值＋100;10, 120, 0, 0
27	水属性攻击强化	1;水属性攻击值＋30;3, 100, 0, 0|2;水属性攻击值＋60;6, 100, 0, 0|3;水属性攻击值＋100;10, 100, 0, 0|4;水属性攻击值变为1.05倍，水属性攻击值＋100;10, 105, 0, 0|5;水属性攻击值变为1.1倍，水属性攻击值＋100;10, 110, 0, 0|6;水属性攻击值变为1.2倍，水属性攻击值＋100;10, 120, 0, 0
28	冰属性攻击强化	1;冰属性攻击值＋30;3, 100, 0, 0|2;冰属性攻击值＋60;6, 100, 0, 0|3;冰属性攻击值＋100;10, 100, 0, 0|4;冰属性攻击值变为1.05倍，冰属性攻击值＋100;10, 105, 0, 0|5;冰属性攻击值变为1.1倍，冰属性攻击值＋100;10, 110, 0, 0|6;冰属性攻击值变为1.2倍，冰属性攻击值＋100;10, 120, 0, 0
29	雷属性攻击强化	1;雷属性攻击值＋30;3, 100, 0, 0|2;雷属性攻击值＋60;6, 100, 0, 0|3;雷属性攻击值＋100;10, 100, 0, 0|4;雷属性攻击值变为1.05倍，雷属性攻击值＋100;10, 105, 0, 0|5;雷属性攻击值变为1.1倍，雷属性攻击值＋100;10, 110, 0, 0|6;雷属性攻击值变为1.2倍，雷属性攻击值＋100;10, 120, 0, 0
30	龙属性攻击强化	1;龙属性攻击值＋30;3, 100, 0, 0|2;龙属性攻击值＋60;6, 100, 0, 0|3;龙属性攻击值＋100;10, 100, 0, 0|4;龙属性攻击值变为1.05倍，龙属性攻击值＋100;10, 105, 0, 0|5;龙属性攻击值变为1.1倍，龙属性攻击值＋100;10, 110, 0, 0|6;龙属性攻击值变为1.2倍，龙属性攻击值＋100;10, 120, 0, 0
31	毒属性强化	1;毒素累积值变为1.05倍，毒素累积值＋10;105, 0, 0, 0|2;毒素累积值变为1.1倍，毒素累积值＋10;110, 0, 0, 0|3;毒素累积值变为1.2倍，毒素累积值＋10;120, 0, 0, 0|4;毒的累积值变为1.3倍，毒的累积值＋10;130, 0, 0, 0
32	麻痹属性强化	1;麻痹累积值变为1.05倍，麻痹累积值＋10;105, 0, 0, 0|2;麻痹累积值变为1.1倍，麻痹累积值＋10;110, 0, 0, 0|3;麻痹累积值变为1.2倍，麻痹累积值＋10;120, 0, 0, 0|4;麻痹的累积值变为1.3倍，麻痹的累积值＋10;130, 0, 0, 0
33	睡眠属性强化	1;睡眠累积值变为1.05倍，睡眠累积值＋10;105, 0, 0, 0|2;睡眠累积值变为1.1倍，睡眠累积值＋10;110, 0, 0, 0|3;睡眠累积值变为1.2倍，睡眠累积值＋10;120, 0, 0, 0|4;睡眠的累积值变为1.3倍，睡眠的累积值＋10;130, 0, 0, 0
34	爆破属性强化	1;爆破累积值变为1.05倍，爆破累积值＋10;105, 0, 0, 0|2;爆破累积值变为1.1倍，爆破累积值＋10;110, 0, 0, 0|3;爆破累积值变为1.2倍，爆破累积值＋10;120, 0, 0, 0|4;爆破的累积值变为1.3倍，爆破的累积值＋10;130, 0, 0, 0
35	通常弹与通常箭强化	1;通常弹、通常箭的威力提升;110, 110, 0, 0|2;更加提升通常弹、通常箭的威力。;120, 120, 0, 0
36	贯通弹与龙之箭强化	1;贯通弹、龙之箭的威力提升;110, 110, 0, 0|2;更加提升贯通弹、龙之箭的威力。;120, 120, 0, 0
37	散弹·刚射强化	1;提升散弹、刚射、龙之千矢的威力。;110, 110, 0, 0|2;更加提升散弹、刚射、龙之千矢的威力。;115, 115, 0, 0
38	毒瓶追加	1;变成可装备毒瓶。;0, 0, 0, 0
39	麻痹瓶追加	1;变成可装备麻痹瓶。;0, 0, 0, 0
40	睡眠瓶追加	1;变成可装备睡眠瓶。;0, 0, 0, 0
41	爆破瓶追加	1;变成可装备爆破瓶。;0, 0, 0, 0
42	属性解放／装填扩充	1;激发出1／3的隐藏属性。／增加部分弹药装填数。;1, 1, 0, 0|2;激发出2／3的隐藏属性。／增加多数弹药装填数。;2, 2, 0, 0|3;激发出100％的隐藏属性。／几乎增加所有弹药装填数。;3, 3, 0, 0
43	看破	1;会心率＋5％;5, 0, 0, 0|2;会心率＋10％;10, 0, 0, 0|3;会心率＋15％;15, 0, 0, 0|4;会心率＋20％;20, 0, 0, 0|5;会心率＋25％;25, 0, 0, 0|6;会心率＋30％;30, 0, 0, 0|7;会心率＋40％;40, 0, 0, 0
44	超会心	1;会心攻击时的伤害倍率增强为1.3倍。;130, 0, 0, 0|2;会心攻击时的伤害倍率增强为1.35倍。;135, 0, 0, 0|3;会心攻击时的伤害倍率增强为1.4倍。;140, 0, 0, 0
45	弱点特效	1;攻击有效部位时，会心率＋10％若有受伤再＋5％;10, 15, 0, 0|2;攻击有效部位时，会心率＋15％若有受伤再＋15％;15, 30, 0, 0|3;攻击有效部位时，会心率＋30％若有受伤再＋20％;30, 50, 0, 0
46	集中	1;槽上升率5％提升，蓄力时间缩短5％;105, 95, 1, 0|2;槽上升率10％提升，蓄力时间缩短10％;110, 90, 2, 0|3;槽上升率20％提升，蓄力时间缩短15％;120, 85, 3, 0
47	强化持续	1;稍微延长强化时间。;1, 0, 0, 0|2;延长强化时间。;2, 0, 0, 0|3;大幅延长强化时间。;3, 0, 0, 0
48	匠	1;武器的锐利度+10;120, 0, 0, 0|2;武器的锐利度+20;140, 0, 0, 0|3;武器的锐利度+30;160, 0, 0, 0|4;武器的锐利度+40;180, 0, 0, 0|5;武器的锐利度+50;200, 0, 0, 0
49	拔刀术【技】	1;武器拔刀攻击的会心率＋30％;30, 0, 0, 0|2;武器拔刀攻击的会心率＋60％;60, 0, 0, 0|3;武器拔刀攻击的会心率＋100％;100, 0, 0, 0
50	破坏王	1;对部位的累积伤害1.1倍;110, 0, 0, 0|2;对部位的累积伤害1.2倍;120, 0, 0, 0|3;对部位的累积伤害1.3倍;130, 0, 0, 0
51	击晕术	1;昏厥威力1.2倍;0, 120, 0, 0|2;昏厥威力1.3倍;0, 130, 0, 0|3;昏厥威力1.4倍;0, 140, 0, 0|4;昏厥威力1.5倍;0, 150, 0, 0|5;昏厥威力1.6倍;0, 160, 0, 0
52	夺取耐力	1;减气威力1.2倍;0, 120, 0, 0|2;减气威力1.3倍;0, 130, 0, 0|3;减气威力1.4倍;0, 140, 0, 0|4;减气威力1.5倍;0, 150, 0, 0|5;减气威力1.6倍;0, 160, 0, 0
53	骑乘名人	1;容易骑乘怪物，更容易在骑乘状态下成功。;1, 0, 0, 0
54	飞燕	1;跳跃攻击的威力变为1.3倍;130, 0, 0, 0
55	力量解放	1;技能发动时，会心率＋10％耐力消耗量减少30％;10, 70, 120, 0|2;技能发动时，会心率＋20％耐力消耗量减少30％;20, 70, 120, 0|3;技能发动时，会心率＋30％耐力消耗量减少50％;30, 50, 120, 0|4;技能发动时，会心率＋40％耐力消耗量减少50％;40, 50, 120, 0|5;技能发动时，会心率＋50％耐力消耗量减少50％;50, 50, 120, 0|6;技能发动时，会心率＋50％，耐力消耗量减轻50％，更容易发动效果。;50, 50, 120, 0|7;技能发动时，会心率＋60％，耐力消耗量减轻50％，更容易发动效果。;60, 50, 120, 0
56	挑战者	1;技能发动时，基础攻击力＋4会心率＋5％;4, 5, 0, 0|2;技能发动时，基础攻击力＋8会心率＋5％;8, 5, 0, 0|3;技能发动时，基础攻击力＋12会心率＋7％;12, 7, 0, 0|4;技能发动时，基础攻击力＋16会心率＋7％;16, 7, 0, 0|5;技能发动时，基础攻击力＋20会心率＋10％;20, 10, 0, 0|6;技能发动时，基础攻击力＋24会心率＋15％;24, 15, 0, 0|7;技能发动时，基础攻击力＋28会心率＋20％;28, 20, 0, 0
57	无伤	1;技能发动时，基础攻击力＋5;5, 0, 0, 0|2;技能发动时，基础攻击力＋10;10, 0, 0, 0|3;技能发动时，基础攻击力＋20;20, 0, 0, 0
58	火场怪力	1;技能发动时，防御力＋50;100, 50, 0, 0|2;技能发动时，攻击力1.05倍防御力＋50;105, 50, 0, 0|3;技能发动时，攻击力1.05倍防御力＋100;105, 100, 0, 0|4;技能发动时，攻击力1.1倍防御力＋100;110, 100, 0, 0|5;技能发动时，攻击力1.15倍防御力＋100;115, 100, 0, 0|6;技能发动时，攻击力1．25倍防御力＋150;125, 150, 0, 0|7;技能发动时，攻击力1．4倍防御力＋150;140, 150, 0, 0
59	不屈	1;每次攻击力1.1倍、防御力1.15倍;110, 115, 2, 3000
60	怨恨	1;技能发动时，基础攻击力＋5;5, 0, 0, 0|2;技能发动时，基础攻击力＋10;10, 0, 0, 0|3;技能发动时，基础攻击力＋15;15, 0, 0, 0|4;技能发动时，基础攻击力＋20;20, 0, 0, 0|5;技能发动时，基础攻击力＋25;25, 0, 0, 0
61	死里逃生	1;技能发动时，大幅延长回避的无敌时间，并减少耐力消耗量。;50, 0, 0, 0
62	吹笛名人	1;延长狩猎笛的旋律效果时间，体力回复量的上升率提升;1, 0, 0, 0|2;更加延长狩猎笛的旋律效果时间。;2, 0, 0, 0
63	炮弹装填数提升	1;装填数＋1;1, 1, 0, 0
64	特殊射击强化	1;弩枪的特殊弹药与弓的龙之箭、龙之千矢威力变为1.1倍。;110, 110, 110, 0|2;弩枪的特殊弹药与弓的龙之箭、龙之千矢威力变为1.2倍。;120, 120, 120, 0
65	炮术	1;对象的攻击威力1.1倍，减少龙击炮的冷却时间15％;1, 0, 0, 0|2;对象的攻击威力1.2倍，减少龙击炮的冷却时间30％;2, 0, 0, 0|3;对象的攻击威力1.3倍，减少龙击炮的冷却时间50％;3, 0, 0, 0|4;对象的攻击威力1.4倍，减少龙击炮的冷却时间60％;4, 0, 0, 0|5;对象的攻击威力1.5倍，减少龙击炮的冷却时间70％;5, 0, 0, 0
66	炮击手	1;威力1.5倍;1, 0, 0, 0|2;威力2.0倍;2, 0, 0, 0
67	跑者	1;持续耐力消耗量减少15％;85, 0, 0, 0|2;持续耐力消耗量减少30％;70, 0, 0, 0|3;持续耐力消耗量减少50％;50, 0, 0, 0
68	体术	1;固定耐力消耗量减少10％;90, 0, 0, 0|2;固定耐力消耗量减少20％;80, 0, 0, 0|3;固定耐力消耗量减少30％;70, 0, 0, 0|4;固定耐力消耗量减少40％;60, 0, 0, 0|5;固定耐力消耗量减少50％;50, 0, 0, 0
69	飞身跃入	1;可发动技能。;1, 0, 0, 0
70	耐力急速回复	1;回复速度1.1倍;110, 0, 0, 0|2;回复速度1.2倍;120, 0, 0, 0|3;回复速度1.3倍;130, 0, 0, 0
71	饥饿耐性	1;到减少的时间延长50％。;150, 0, 0, 0|2;到减少的时间延长100％。;200, 0, 0, 0|3;使耐力最大值的减少无效。;0, 0, 0, 0
72	回避性能	1;无敌时间极小幅延长(8帧)。;1, 0, 0, 0|2;无敌时间小幅延长(9帧)。;2, 0, 0, 0|3;延长无敌时间。;3, 0, 0, 0|4;大幅延长无敌时间。;4, 0, 0, 0|5;极大幅延长无敌时间。;5, 0, 0, 0
73	回避距离提升	1;回避距离小幅延长。;1, 0, 0, 0|2;延长回避距离。;2, 0, 0, 0|3;大幅延长回避距离。;3, 0, 0, 0
74	防御性能	1;小幅减少攻击的威力。;10, 100, 0, 0|2;小幅减少攻击威力，减少耐力消费量15％。;10, 85, 0, 0|3;大幅减少攻击威力，减少耐力消耗量15％。;20, 85, 0, 0|4;大幅减少攻击威力，减少耐力消耗量30％。;20, 70, 0, 0|5;极大幅减少攻击威力，减少耐力消耗量50％。;30, 50, 0, 0
75	纳刀术	1;速度小幅上升。;110, 0, 0, 0|2;速度上升。;120, 0, 0, 0|3;速度大幅上升。;140, 0, 0, 0
76	广域化	1;给予周围的同伴1／3的效果。;1, 0, 0, 0|2;给予大范围内的同伴1／3的效果。;2, 0, 0, 0|3;给予大范围内的同伴2／3的效果。;3, 0, 0, 0|4;给予极大范围内的同伴2／3的效果。;4, 0, 0, 0|5;给予极大范围内的同伴同样的效果。;5, 0, 0, 0
77	道具使用强化	1;效果时间1.1倍;110, 0, 0, 0|2;效果时间1.25倍;125, 0, 0, 0|3;效果时间1.5倍;150, 0, 0, 0
78	满足感	1;效果发动几率25％;25, 0, 0, 0|2;效果发动机率50％;50, 0, 0, 0|3;效果发动机率75％;75, 0, 0, 0
79	快吃	1;速度小幅上升。;1, 0, 0, 0|2;速度上升。;2, 0, 0, 0|3;速度大幅上升。;3, 0, 0, 0
80	砥石使用高速化	1;省略研磨动作1次。;3, 120, 0, 0|2;省略研磨动作2次。;2, 120, 0, 0|3;省略研磨动作3次。;1, 120, 0, 0
81	炸弹客	1;威力1.1倍;1, 0, 0, 0|2;威力1.2倍;2, 0, 0, 0|3;威力1.3倍;3, 0, 0, 0|4;威力1.4倍;4, 0, 0, 0|5;威力1.5倍;5, 0, 0, 0
82	最爱蘑菇	1;已可食用蓝蘑菇与毒菇。;1, 0, 0, 0|2;追加可食用硝化伞菇与麻痹菇。;2, 0, 0, 0|3;追加可食用曼陀罗、鬼硝化伞菇与心跳加速菇。;3, 0, 0, 0
83	钓鱼名人	1;延长钓起鱼的时间，就更容易钓起大鱼。;1, 0, 0, 0
84	烤肉名人	1;更容易烤出烤熟的肉。;1, 0, 0, 0
85	搬运达人	1;搬运时的移动速度上升，减轻着地时的反作用力。;1, 1, 0, 0
86	采集达人	1;采集行动时，速度上升＆硬直无效。;140, 1, 0, 0
87	蜂蜜猎人	1;蜂蜜取得数＋1;1, 0, 0, 0
88	剥取铁人	1;剥取中，硬直无效。;1, 0, 0, 0
89	精灵加护	1;效果发动时，伤害减轻15％。;25, 85, 0, 0|2;效果发动时，伤害减轻30％。;25, 70, 0, 0|3;效果发动时，伤害减轻50％。;25, 50, 0, 0|4;效果发动时，伤害减轻60％。;25, 40, 0, 0|5;效果发动时，伤害减轻60％。更容易发动效果。;40, 40, 0, 0
90	指示随从	1;随从的攻击力与防御力变为1.05倍;105, 105, 0, 0|2;随从的攻击力与防御力变为1.1倍;110, 110, 0, 0|3;随从的攻击力与防御力变为1.15倍;115, 115, 0, 0|4;随从的攻击力与防御力变为1.2倍;120, 120, 0, 0|5;随从的攻击力与防御力变为1.25倍;125, 125, 0, 0
91	植生学	1;草系消耗道具的取得数＋1;1, 0, 0, 0|2;追加实、种系消耗道具的取得数＋1;1, 1, 0, 0|3;追加虫系消耗道具的取得数＋1;1, 1, 1, 0|4;追加菇系消耗道具的取得数＋1;1, 1, 1, 1
92	地质学	1;骸骨采集点的采集次数＋1;1, 0, 0, 0|2;追加特产采集点的采集次数＋1;1, 1, 0, 0|3;追加矿石采掘点的采集次数＋1;1, 1, 1, 0
93	精神抖擞	1;效果发动时，会心率＋10％;10, 5, 2, 0|2;效果发动时，会心率＋20％;20, 5, 3, 0|3;效果发动时，会心率＋30％;30, 5, 3, 0|4;效果发动时，会心率＋40％;40, 5, 4, 0|5;维持耐力计量表全满状态时，会心率＋40％。;40, 0, 0, 0
94	投射器装填数提升	1;小幅增加在地面或植物取得的弹药装填数。;1, 0, 0, 0|2;再小幅增加一部分怪物掉落的弹药装填数。;2, 0, 0, 0|3;再小幅增加所有怪物掉落的弹药装填数。;3, 0, 0, 0|4;从地面或植物等取得的弹药装填数进一步增加。;4, 0, 0, 0|5;所有弹药的装填数进一步增加。;5, 0, 0, 0
95	潜伏	1;追丢的几率小幅提高。;70, 0, 0, 0|2;追丢的几率提高。;50, 0, 0, 0|3;追丢的几率大幅提高。;30, 0, 0, 0
96	减轻胆怯	1;使后仰无效。操虫棍萃取效果部分效果上升。;1, 0, 0, 0|2;使后仰无效。将屁股着地减轻为后仰状态。操虫棍萃取效果部分效果上升。;2, 0, 0, 0|3;使后仰、屁股着地无效。操虫棍萃取效果部分效果上升。;3, 0, 0, 0
97	导虫反应距离提升	1;反应距离扩张;200, 0, 0, 0
98	蹲下移动速度提升	1;加快蹲下时的移动速度。;1, 0, 0, 0
99	跳跃铁人	1;跳跃中，硬直无效。;1, 0, 0, 0
100	环境利用知识	1;体力追加回复50。;50, 0, 0, 0|2;体力追加回复80。;80, 0, 0, 0|3;体力追加回复100。;100, 0, 0, 0
101	适应水场·深雪	1;移动速度不会减慢。;1, 0, 0, 0|2;移动速度不会减慢，回避性能上升。;1, 1, 0, 0|3;移动速度不会减慢，回避性能更加上升。;1, 2, 0, 0
102	攀岩者	1;耐力消耗量减少50％;50, 0, 0, 0
103	闪光强化	1;闪光弹范围扩大。;200, 0, 0, 0
104	研究者	1;更容易调查及研究大型怪物。;120, 0, 0, 0
105	昆虫标本达人	1;残骸保留的几率提高。;50, 0, 0, 0|2;残骸保留的几率大幅提高。;75, 0, 0, 0|3;必定会有残骸保留。;100, 0, 0, 0
106	瘴气耐性	1;减轻瘴气侵蚀的影响。;50, 0, 0, 0|2;大幅减轻瘴气侵蚀的影响。;25, 0, 0, 0|3;使瘴气侵蚀状态无效。;0, 0, 0, 0
107	追踪达人	1;取得痕迹时的槽上升量1.5倍;150, 0, 0, 0
108	探索者之幸运	1;发生几率提升;25, 0, 0, 0
109	察觉	1;在生态地图上标记;1, 0, 0, 0
110	整备	1;再使用时间缩短10％;90, 0, 0, 0|2;再使用时间缩短20％;80, 0, 0, 0|3;再使用时间缩短30％;70, 0, 0, 0|4;再使用时间缩短40％;60, 0, 0, 0|5;再使用时间缩短50％;50, 0, 0, 0
111	滑走强化	1;可发动技能。;100, 0, 0, 0
112	龙封力强化	1;强化龙封力一个阶段。;1, 0, 0, 0
113	威吓	1;即使被发现也不容易进入战斗状态。;25, 50, 0, 0|2;即使被发现也几乎不会进入战斗状态。;0, 25, 0, 0|3;即使被发现也不会变为战斗状态。;0, 0, 0, 0
114	蛮颚龙之力	3;振奋:体力降低至40％以下时，一定时间内耐力的消耗量会减少。;40, 90, 0, 0
115	灭尽龙之饥饿	3;加速再生:若持续攻击命中怪物，便能回复体力。回复量会依武器种类不同而有所变动。;1, 0, 0, 0
116	尸套龙之命脉	3;超回复力:体力在达到槽的最大值前会持续自动回复。;1, 0, 0, 0
117	火龙之力	3;会心攻击【属性】:提升会心攻击产生时造成的属性伤害（火、水、雷、冰、龙）。;1, 0, 0, 0
118	角龙之力	3;钝器能手:锐利度越差攻击力越高。／远距离武器的近身攻击威力与使敌方昏厥的容易度有大幅提升。;1, 0, 0, 0
119	幻兽之恩惠	4;捕获名人:高机率增加捕获取得的报酬数量。（从任务中途开始使用不会有效果）;1, 0, 0, 0
120	樱火龙之奥秘	3;毒伤害强化:提高对怪物施毒的效果时间。;200, 0, 0, 0
121	蛮颚龙之斗志	2;振奋:体力降低至40％以下时，一定时间内耐力的消耗量会减少。;40, 90, 0, 0|4;突破耐力上限:增加耐力的上限值。;40, 90, 0, 50
122	火龙之奥秘	2;会心攻击【属性】:提升会心攻击产生时造成的属性伤害（火、水、雷、冰、龙）。;1, 0, 0, 0|4;心眼／弹道强化:攻击不会被弹开。／缩短弹药、箭矢达到最大威力时的距离。;1, 1, 0, 0
123	角龙之奥秘	2;钝器能手:锐利度越差攻击力越高。／远距离武器的近身攻击威力与使敌方昏厥的容易度有大幅提升。;1, 0, 0, 0|4;无属性强化:强化装备中的无属性武器。;1, 1, 0, 0
124	幻兽之恩宠	3;捕获名人:高机率增加捕获取得的报酬数量。（从任务中途开始使用不会有效果）;1, 0, 0, 0
125	爆锤龙之守护	3;防御强化:可以防御一般无法防御的攻击。;1, 0, 0, 0
126	爆鳞龙之守护	3;毅力:当体力在一定程度以上时，即使承受了超过体力的伤害，也能撑住而不耗尽体力一次。;1, 0, 0, 0
127	炎王龙之武技	3;达人艺:发生会心攻击时，不会消耗锐利度。;1, 0, 0, 0
128	钢龙之飞翔	3;风压完全无效:使全部的风压无效。;1, 0, 0, 0
129	冥灯龙之神秘	3;利刃／弹丸节约:锐利度的消耗降低一半。／低几率不消耗弩炮的弹药及弓的瓶发射。;1, 0, 0, 0
130	熔山龙之奥秘	3;会心攻击【特殊】:提升会心攻击产生时造成的状态异常值（麻痹、毒、睡眠、爆破）。;1, 0, 0, 0
131	公会之指引	4;强运:高机率增加任务完成获得的报酬数量。（从任务中途开始使用不会有效果）;1, 0, 0, 0
132	调查团之指引	4;剥取名人:剥取次数增加1次。（从任务中途开始使用不会有效果）;1, 0, 0, 0
133	风漂龙之恩宠	3;幸运:完成任务获得的报酬数量容易变多。（从任务中途开始使用不会有效果）;1, 0, 0, 0
134	风漂龙之恩宠	2;幸运:完成任务获得的报酬数量容易变多。（从任务中途开始使用不会有效果）;1, 0, 0, 0|4;解放弓的蓄力阶段:弓的蓄力阶段增加1个阶段。;1, 1, 0, 0
135	惨爪龙之力	3;拔刀术【力】:追加、强化了武器拔刀攻击引起昏厥的能力，攻击力也会小幅提升。;0, 0, 0, 0
136	惨爪龙之奥秘	2;拔刀术【力】:追加、强化了武器拔刀攻击引起昏厥的能力，攻击力也会小幅提升。;0, 0, 0, 0|4;刚刃研磨:研磨武器后，一定时间内锐利度不会降低。;30, 60, 0, 0
137	解放弓的蓄力阶段	1;发动技能效果。;1, 0, 0, 0
138	心眼／弹道强化	1;发动技能效果。;1, 0, 0, 0
139	防御强化	1;可发动技能。;1, 0, 0, 0
140	刚刃研磨	1;可发动技能。;60, 0, 0, 0
141	无属性强化	1;无属性武器的基础攻击力提高;1, 0, 0, 0
142	毅力	1;发动技能效果。;1, 0, 0, 0
143	加速再生	1;发动技能效果。;1, 0, 0, 0
144	利刃／弹丸节约	1;发动技能效果。;1, 0, 0, 0
145	炎妃龙之恩宠	2;突破耐力上限:增加耐力的上限值。;50, 0, 0, 0|4;心眼／弹道强化:攻击不会被弹开。／缩短弹药、箭矢达到最大威力时的距离。;50, 1, 0, 0
146	龙骑士之证	2;飞燕【属性】:跳跃攻击的属性伤害提升。;1, 0, 0, 0|4;达人艺:发生会心攻击时，不会消耗锐利度。;1, 1, 0, 0
147	会心攻击【属性】	1;发动技能效果。;1, 0, 0, 0
148	会心攻击【特殊】	1;发动技能效果。;1, 0, 0, 0
149	猎魔人的心得	2;伊格尼强度:猎魔人受过严苛的试炼，只有掌握极致奥义者，才能使用强力的火焰魔法「伊格尼法印」。;1, 0, 0, 0|4;超回复力:体力在达到槽的最大值前会持续自动回复。;1, 1, 0, 0
150	星辰的祝福	5;强运:完成任务获得的报酬数量变多的几率很高。（从任务中途开始使用不会有效果）;1, 0, 0, 0
151	雷狼龙的真髓	3;力量解放·极意:解放力量解放技能的等级上限。;1, 0, 0, 0
152	轰龙的真髓	3;满足感·极意:解放满足感技能的等级上限。;1, 0, 0, 0
153	迅龙的真髓	3;真·利刃／弹丸节约:锐利度的消耗大幅降低。提升不需消耗弩枪弹药及弓的瓶即可发射的机率。;1, 0, 0, 0
154	碎龙的真髓	3;挑战者·极意:解放挑战者技能的等级上限。;1, 0, 0, 0
155	斩龙的真髓	3;浑身·极意:解放精神抖擞技能的等级上限。;1, 0, 0, 0
156	银火龙的真髓	2;投射器装填·极意:解放投射器装填数提升技能等级上限。;1, 0, 0, 0|4;真·会心击【属性】:大幅提升会心攻击产生时造成的属性伤害（火、水、雷、冰、龙）。;1, 1, 0, 0
157	金火龙的真髓	2;精灵加护·极意:解放精灵加护技能的等级上限。;1, 0, 0, 0|4;真·会心击【特殊】:大幅提升会心攻击产生时造成的状态异常值（麻痹、毒、睡眠、爆破）。;1, 1, 0, 0
158	天地煌啼龙的神秘	4;大地缝缠:装备衣装时，可获得耐震等级3、风压耐性等级3、耳塞等级3、胆怯无效之效果。;1, 0, 0, 0|5;真·大地缝缠:装备衣装时，可获得耐震等级3、耳塞等级5、风压完全无效、胆怯无效之效果。;2, 0, 0, 0
159	溟波龙的神秘	2;属性加速:若持续攻击命中怪物，会发动一定时间的属性解放/装填扩充等级2。属性攻击力也会少量提升。;45, 2, 6, 0|4;真·属性加速:若持续攻击命中怪物，会发动一定时间的属性解放/装填扩充等级3。属性攻击力也会提升。;45, 3, 15, 0
160	冰呪龙的神秘	2;会心攻击【属性】:提升会心攻击产生时造成的属性伤害（火、水、雷、冰、龙）。;1, 0, 0, 0|4;寒气炼成:纳刀状态下，会慢慢累积寒气，强化攻击力。当近身攻击击中时或发射箭·弹药时，寒气会逐渐丧失。;1, 1, 0, 0
161	太古的神秘	2;会心攻击【特殊】:提升会心攻击产生时造成的状态异常值（麻痹、毒、睡眠、爆破）。;1, 0, 0, 0
162	调查团的炼金术	3;炸弹客·极意:解放炸弹客技能的等级上限。;1, 0, 0, 0
163	教官的引导	2;捕获名人:高机率增加捕获取得的报酬数量。（从任务中途开始使用不会有效果）;1, 0, 0, 0
164	蛮颚龙的霸气	2;突破耐力上限:增加耐力的上限值。;50, 0, 0, 0
165	雌火龙的真髓	2;毒伤害强化:提高对怪物施毒的效果时间。;200, 0, 0, 0
166	佯动攻击	1;发动技能效果。;200, 0, 0, 0
167	攻击守势	1;技能发动时，攻击力1.05倍;105, 0, 0, 0|2;技能发动时，攻击力1.1倍;110, 0, 0, 0|3;技能发动时，攻击力1.15倍;115, 0, 0, 0
168	转祸为福	1;技能发动时，基础攻击力＋12属性值＋30状态异常的累积值变为1.05倍;12, 3, 105, 0|2;技能发动时，基础攻击力＋15属性值＋60状态异常的累积值变为1.1倍;15, 6, 110, 0|3;技能发动时，基础攻击力＋18属性值＋90状态异常的累积值变为1.15倍;18, 9, 115, 0
169	受身术	1;发动技能效果。;1, 0, 0, 0
170	冰牙龙的秘技	2;拔刀术【力】:追加、强化了武器拔刀攻击引起昏厥的能力，攻击力也会小幅提升。;0, 0, 0, 0
171	火龙的真髓	3;心眼／弹道强化:攻击不会被弹开。／缩短弹药、箭矢达到最大威力时的距离。;1, 1, 0, 0
172	角龙的霸气	3;击晕术·极意:解放ＫＯ术技能的等级上限。;1, 0, 0, 0
173	风漂龙的霸气	3;解放弓的蓄力阶段:弓的蓄力阶段增加1个阶段。;1, 1, 0, 0
174	惨爪龙的真髓	3;刚刃研磨:研磨武器后，一定时间内锐利度不会降低。;60, 0, 0, 0
175	爆锤龙的霸气	2;防御强化:可以防御一般无法防御的攻击。;1, 0, 0, 0
176	爆鳞龙的霸气	2;毅力:当体力在一定程度以上时，即使承受了超过体力的伤害，也能撑住而不耗尽体力一次。;1, 0, 0, 0
177	恐暴龙的真髓	3;夺取耐力·极意:解放夺取耐力技能的等级上限。;1, 0, 0, 0
178	尸套龙的灵脉	2;超回复力:体力在达到槽的最大值前会持续自动回复。;1, 0, 0, 0
179	幻兽的神秘	3;强运:高机率增加任务完成获得的报酬数量。（从任务中途开始使用不会有效果）;1, 0, 0, 0
180	公会的见识	2;幸运:完成任务获得的报酬数量容易变多。（从任务中途开始使用不会有效果）;1, 0, 0, 0|4;剥取名人:剥取次数增加1次。（从任务中途开始使用不会有效果）;1, 1, 0, 0
181	熔山龙的真髓	3;炮术·极意:解放炮术技能的等级上限。;1, 0, 0, 0
182	炎妃龙的真髓	3;整备·极意:解放整备技能的等级上限。;1, 0, 0, 0
183	灭尽龙的霸气	2;加速再生:若持续攻击命中怪物，便能回复体力。回复量会依武器种类不同而有所变动。;1, 0, 0, 0
184	钝器能手	1;发动技能效果。;1, 0, 0, 0
185	振奋	1;发动技能效果。;40, 90, 0, 0
186	寒冷耐性	1;发动技能效果。;1, 0, 0, 0
187	金狮子的怒气	2;心眼／弹道强化:攻击不会被弹开。／缩短弹药、箭矢达到最大威力时的距离。;1, 0, 0, 0|4;刚刃研磨:研磨武器后，一定时间内锐利度不会降低。;1, 60, 0, 0
188	蓄电池	5;古代军械库:防御力上升、伤害反应无效化。受到一定次数攻击后效果会解除，隔一段时间后再次发动。;1, 0, 0, 0
189	生还者	2;丧尸·瘴气耐性:不会受瘴气侵蚀的影响，也不会变成丧尸状态。;1, 0, 0, 0|4;挑战者·极意:解放挑战者技能的等级上限。;1, 0, 0, 0
190	冥赤龙的封印	3;龙脉觉醒:拔刀状态下，属性、状态异常值、会心率上升。攻击时仍会受到伤害，但持续攻击就能发挥自动回复效果。;1, 0, 0, 0|5;真·龙脉觉醒:进一步提升拔刀状态中的攻击性能。攻击时虽然仍会受到伤害，但只要持续攻击，就能发挥自动回复效果。;2, 0, 0, 0
191	万福的祝福	3;万福的献礼:【万福之宴】特别报酬的发生机率提升。（从任务中途开始使用 不会有效果）;1, 0, 0, 0|5;万福的恩惠:【万福之宴】特别报酬的发生机率大幅提升。（从任务中途开始使用 不会有效果）;2, 0, 0, 0
192	大感谢的祝福	3;大感谢的赠礼:【大感谢之宴】特别报酬的发生机率提升。（从任务中途开始使用不会有效果）;1, 0, 0, 0|5;大感谢的恩惠:【大感谢之宴】特别报酬的发生机率大幅提升。（从任务中途开始使用不会有效果）;2, 0, 0, 0
193	盛放之祝福	3;盛放的献礼:【盛放之宴】特别报酬的发生机率提升。 （从任务中途开始使用不会有效果）;1, 0, 0, 0|5;盛放之恩惠:【盛放之宴】特别报酬的发生机率大幅提升。 （从任务中途开始使用不会有效果）;2, 0, 0, 0
194	热情的祝福	3;热情的献礼:【热情之宴】特别报酬的发生机率提升。（从任务中途开始使用不会有效果）;1, 0, 0, 0|5;热情的恩惠:【热情之宴】特别报酬的发生机率大幅提升。（从任务中途开始使用不会有效果）;2, 0, 0, 0
195	惊魂夜的祝福	3;惊魂夜的献礼:【惊魂夜】特别报酬的发生几率提升。（从任务中途开始使用不会有效果）;1, 0, 0, 0|5;惊魂夜的恩惠:【惊魂夜】特别报酬的发生几率大幅提升。（从任务中途开始使用不会有效果）;2, 0, 0, 0
196	金狮子的斗志	2;浑身·极意:解放精神抖擞技能的等级上限。;1, 0, 0, 0|4;火场怪力·极意:解放火场怪力技能的等级上限。;1, 0, 0, 0
197	碎龙之斗志	4;炮术·极意:解放炮术技能的等级上限。;1, 0, 0, 0|2;挑战者·极意:解放挑战者技能的等级上限。;1, 0, 0, 0
198	绚辉龙的真髓	2;毅力:当体力在一定程度以上时，即使承受了超过体力的伤害，也能撑住而不耗尽体力一次。;1, 0, 0, 0|4;满足感·极意:解放满足感技能的等级上限。;1, 0, 0, 0
199	冰牙龙的绝技	1;拔刀术【力】:追加、强化了武器拔刀攻击引起昏厥的能力，攻击力也会小幅提升。;1, 0, 0, 0|3;击晕术·极意:解放ＫＯ术技能的等级上限。;1, 0, 0, 0
200	煌黑龙的神秘	2;耐性变换【属性】:防御的属性耐性值越高，装备的武器属性值也越会增高。;5, 2, 0, 0|3;全属性耐性强化:全属性耐性值1.2倍;5, 2, 20, 0
201	黑龙的传说	2;继承:解放因极意所限制的所有技能等级上限。;0, 0, 0, 0|4;超越:除了技能【真·利刃／弹丸节约】之外，任务开始时或力尽倒下后，体力·耐力＋100（不与其他效果重复）;1, 50, 50, 0
202	飞翔爪攻击强化	1;飞翔爪攻击强化:发动技能效果。;1, 0, 0, 0
