1	精英·雪崩头盔阿尔法	4;寒气炼成:纳刀状态下，会慢慢累积寒气，强化攻击力。当近身攻击击中时或发射箭·弹药时，寒气会逐渐丧失。;1, 1, 0, 0|2;会心攻击【属性】:提升会心攻击产生时造成的属性伤害（火、水、雷、冰、龙）。;1, 0, 0, 0
2	精英·雪崩铠甲阿尔法	4;寒气炼成:纳刀状态下，会慢慢累积寒气，强化攻击力。当近身攻击击中时或发射箭·弹药时，寒气会逐渐丧失。;1, 1, 0, 0|2;会心攻击【属性】:提升会心攻击产生时造成的属性伤害（火、水、雷、冰、龙）。;1, 0, 0, 0
3	精英·雪崩腕甲阿尔法	4;寒气炼成:纳刀状态下，会慢慢累积寒气，强化攻击力。当近身攻击击中时或发射箭·弹药时，寒气会逐渐丧失。;1, 1, 0, 0|2;会心攻击【属性】:提升会心攻击产生时造成的属性伤害（火、水、雷、冰、龙）。;1, 0, 0, 0
4	精英·雪崩腰甲阿尔法	4;寒气炼成:纳刀状态下，会慢慢累积寒气，强化攻击力。当近身攻击击中时或发射箭·弹药时，寒气会逐渐丧失。;1, 1, 0, 0|2;会心攻击【属性】:提升会心攻击产生时造成的属性伤害（火、水、雷、冰、龙）。;1, 0, 0, 0
5	精英·雪崩护腿阿尔法	4;寒气炼成:纳刀状态下，会慢慢累积寒气，强化攻击力。当近身攻击击中时或发射箭·弹药时，寒气会逐渐丧失。;1, 1, 0, 0|2;会心攻击【属性】:提升会心攻击产生时造成的属性伤害（火、水、雷、冰、龙）。;1, 0, 0, 0
6	精英·雪崩头盔贝塔	4;寒气炼成:纳刀状态下，会慢慢累积寒气，强化攻击力。当近身攻击击中时或发射箭·弹药时，寒气会逐渐丧失。;1, 1, 0, 0|2;会心攻击【属性】:提升会心攻击产生时造成的属性伤害（火、水、雷、冰、龙）。;1, 0, 0, 0
7	精英·雪崩铠甲贝塔	4;寒气炼成:纳刀状态下，会慢慢累积寒气，强化攻击力。当近身攻击击中时或发射箭·弹药时，寒气会逐渐丧失。;1, 1, 0, 0|2;会心攻击【属性】:提升会心攻击产生时造成的属性伤害（火、水、雷、冰、龙）。;1, 0, 0, 0
8	精英·雪崩腕甲贝塔	4;寒气炼成:纳刀状态下，会慢慢累积寒气，强化攻击力。当近身攻击击中时或发射箭·弹药时，寒气会逐渐丧失。;1, 1, 0, 0|2;会心攻击【属性】:提升会心攻击产生时造成的属性伤害（火、水、雷、冰、龙）。;1, 0, 0, 0
9	精英·雪崩腰甲贝塔	4;寒气炼成:纳刀状态下，会慢慢累积寒气，强化攻击力。当近身攻击击中时或发射箭·弹药时，寒气会逐渐丧失。;1, 1, 0, 0|2;会心攻击【属性】:提升会心攻击产生时造成的属性伤害（火、水、雷、冰、龙）。;1, 0, 0, 0
10	精英·雪崩护腿贝塔	4;寒气炼成:纳刀状态下，会慢慢累积寒气，强化攻击力。当近身攻击击中时或发射箭·弹药时，寒气会逐渐丧失。;1, 1, 0, 0|2;会心攻击【属性】:提升会心攻击产生时造成的属性伤害（火、水、雷、冰、龙）。;1, 0, 0, 0
11	精英·死灭头盔阿尔法	2;超回复力:体力在达到槽的最大值前会持续自动回复。;1, 0, 0, 0
12	精英·死灭铠甲阿尔法	2;超回复力:体力在达到槽的最大值前会持续自动回复。;1, 0, 0, 0
13	精英·死灭腕甲阿尔法	2;超回复力:体力在达到槽的最大值前会持续自动回复。;1, 0, 0, 0
14	精英·死灭腰甲阿尔法	2;超回复力:体力在达到槽的最大值前会持续自动回复。;1, 0, 0, 0
15	精英·死灭护腿阿尔法	2;超回复力:体力在达到槽的最大值前会持续自动回复。;1, 0, 0, 0
16	精英·死灭头盔贝塔	2;超回复力:体力在达到槽的最大值前会持续自动回复。;1, 0, 0, 0
17	精英·死灭铠甲贝塔	2;超回复力:体力在达到槽的最大值前会持续自动回复。;1, 0, 0, 0
18	精英·死灭腕甲贝塔	2;超回复力:体力在达到槽的最大值前会持续自动回复。;1, 0, 0, 0
19	精英·死灭腰甲贝塔	2;超回复力:体力在达到槽的最大值前会持续自动回复。;1, 0, 0, 0
20	精英·死灭护腿贝塔	2;超回复力:体力在达到槽的最大值前会持续自动回复。;1, 0, 0, 0
21	精英·帝王皇冠阿尔法	3;达人艺:发生会心攻击时，不会消耗锐利度。;1, 0, 0, 0
22	精英·帝王铠甲阿尔法	3;达人艺:发生会心攻击时，不会消耗锐利度。;1, 0, 0, 0
23	精英·帝王腕甲阿尔法	3;达人艺:发生会心攻击时，不会消耗锐利度。;1, 0, 0, 0
24	精英·帝王腰甲阿尔法	3;达人艺:发生会心攻击时，不会消耗锐利度。;1, 0, 0, 0
25	精英·帝王护腿阿尔法	3;达人艺:发生会心攻击时，不会消耗锐利度。;1, 0, 0, 0
26	精英·帝王皇冠贝塔	3;达人艺:发生会心攻击时，不会消耗锐利度。;1, 0, 0, 0
27	精英·帝王铠甲贝塔	3;达人艺:发生会心攻击时，不会消耗锐利度。;1, 0, 0, 0
28	精英·帝王腕甲贝塔	3;达人艺:发生会心攻击时，不会消耗锐利度。;1, 0, 0, 0
29	精英·帝王腰甲贝塔	3;达人艺:发生会心攻击时，不会消耗锐利度。;1, 0, 0, 0
30	精英·帝王护腿贝塔	3;达人艺:发生会心攻击时，不会消耗锐利度。;1, 0, 0, 0
31	精英·钢龙强力阿尔法	3;风压完全无效:使全部的风压无效。;1, 0, 0, 0
32	精英·钢龙恐惧阿尔法	3;风压完全无效:使全部的风压无效。;1, 0, 0, 0
33	精英·钢龙刚强阿尔法	3;风压完全无效:使全部的风压无效。;1, 0, 0, 0
34	精英·钢龙安稳阿尔法	3;风压完全无效:使全部的风压无效。;1, 0, 0, 0
35	精英·钢龙踏实阿尔法	3;风压完全无效:使全部的风压无效。;1, 0, 0, 0
36	精英·钢龙强力贝塔	3;风压完全无效:使全部的风压无效。;1, 0, 0, 0
37	精英·钢龙恐惧贝塔	3;风压完全无效:使全部的风压无效。;1, 0, 0, 0
38	精英·钢龙刚强贝塔	3;风压完全无效:使全部的风压无效。;1, 0, 0, 0
39	精英·钢龙安稳贝塔	3;风压完全无效:使全部的风压无效。;1, 0, 0, 0
40	精英·钢龙踏实贝塔	3;风压完全无效:使全部的风压无效。;1, 0, 0, 0
41	精英·麒麟角阿尔法	3;强运:高机率增加任务完成获得的报酬数量。（从任务中途开始使用不会有效果）;1, 0, 0, 0
42	精英·麒麟服饰阿尔法	3;强运:高机率增加任务完成获得的报酬数量。（从任务中途开始使用不会有效果）;1, 0, 0, 0
43	精英·麒麟长腕甲阿尔法	3;强运:高机率增加任务完成获得的报酬数量。（从任务中途开始使用不会有效果）;1, 0, 0, 0
44	精英·麒麟腰环阿尔法	3;强运:高机率增加任务完成获得的报酬数量。（从任务中途开始使用不会有效果）;1, 0, 0, 0
45	精英·麒麟护胫阿尔法	3;强运:高机率增加任务完成获得的报酬数量。（从任务中途开始使用不会有效果）;1, 0, 0, 0
46	精英·麒麟角贝塔	3;强运:高机率增加任务完成获得的报酬数量。（从任务中途开始使用不会有效果）;1, 0, 0, 0
47	精英·麒麟服饰贝塔	3;强运:高机率增加任务完成获得的报酬数量。（从任务中途开始使用不会有效果）;1, 0, 0, 0
48	精英·麒麟长腕甲贝塔	3;强运:高机率增加任务完成获得的报酬数量。（从任务中途开始使用不会有效果）;1, 0, 0, 0
49	精英·麒麟腰环贝塔	3;强运:高机率增加任务完成获得的报酬数量。（从任务中途开始使用不会有效果）;1, 0, 0, 0
50	精英·麒麟护胫贝塔	3;强运:高机率增加任务完成获得的报酬数量。（从任务中途开始使用不会有效果）;1, 0, 0, 0
51	精英·触角头盔阿尔法	2;属性加速:若持续攻击命中怪物，会发动一定时间的属性解放/装填扩充等级2。属性攻击力也会少量提升。;45, 2, 6, 0|4;真·属性加速:若持续攻击命中怪物，会发动一定时间的属性解放/装填扩充等级3。属性攻击力也会提升。;45, 3, 15, 0
52	精英·触角铠甲阿尔法	2;属性加速:若持续攻击命中怪物，会发动一定时间的属性解放/装填扩充等级2。属性攻击力也会少量提升。;45, 2, 6, 0|4;真·属性加速:若持续攻击命中怪物，会发动一定时间的属性解放/装填扩充等级3。属性攻击力也会提升。;45, 3, 15, 0
53	精英·触角腕甲阿尔法	2;属性加速:若持续攻击命中怪物，会发动一定时间的属性解放/装填扩充等级2。属性攻击力也会少量提升。;45, 2, 6, 0|4;真·属性加速:若持续攻击命中怪物，会发动一定时间的属性解放/装填扩充等级3。属性攻击力也会提升。;45, 3, 15, 0
54	精英·触角腰甲阿尔法	2;属性加速:若持续攻击命中怪物，会发动一定时间的属性解放/装填扩充等级2。属性攻击力也会少量提升。;45, 2, 6, 0|4;真·属性加速:若持续攻击命中怪物，会发动一定时间的属性解放/装填扩充等级3。属性攻击力也会提升。;45, 3, 15, 0
55	精英·触角护腿阿尔法	2;属性加速:若持续攻击命中怪物，会发动一定时间的属性解放/装填扩充等级2。属性攻击力也会少量提升。;45, 2, 6, 0|4;真·属性加速:若持续攻击命中怪物，会发动一定时间的属性解放/装填扩充等级3。属性攻击力也会提升。;45, 3, 15, 0
56	精英·触角头盔贝塔	2;属性加速:若持续攻击命中怪物，会发动一定时间的属性解放/装填扩充等级2。属性攻击力也会少量提升。;45, 2, 6, 0|4;真·属性加速:若持续攻击命中怪物，会发动一定时间的属性解放/装填扩充等级3。属性攻击力也会提升。;45, 3, 15, 0
57	精英·触角铠甲贝塔	2;属性加速:若持续攻击命中怪物，会发动一定时间的属性解放/装填扩充等级2。属性攻击力也会少量提升。;45, 2, 6, 0|4;真·属性加速:若持续攻击命中怪物，会发动一定时间的属性解放/装填扩充等级3。属性攻击力也会提升。;45, 3, 15, 0
58	精英·触角腕甲贝塔	2;属性加速:若持续攻击命中怪物，会发动一定时间的属性解放/装填扩充等级2。属性攻击力也会少量提升。;45, 2, 6, 0|4;真·属性加速:若持续攻击命中怪物，会发动一定时间的属性解放/装填扩充等级3。属性攻击力也会提升。;45, 3, 15, 0
59	精英·触角腰甲贝塔	2;属性加速:若持续攻击命中怪物，会发动一定时间的属性解放/装填扩充等级2。属性攻击力也会少量提升。;45, 2, 6, 0|4;真·属性加速:若持续攻击命中怪物，会发动一定时间的属性解放/装填扩充等级3。属性攻击力也会提升。;45, 3, 15, 0
60	精英·触角护腿贝塔	2;属性加速:若持续攻击命中怪物，会发动一定时间的属性解放/装填扩充等级2。属性攻击力也会少量提升。;45, 2, 6, 0|4;真·属性加速:若持续攻击命中怪物，会发动一定时间的属性解放/装填扩充等级3。属性攻击力也会提升。;45, 3, 15, 0
61	精英·狂纹头盔阿尔法	2;加速再生:若持续攻击命中怪物，便能回复体力。回复量会依武器种类不同而有所变动。;1, 0, 0, 0
62	精英·狂纹铠甲阿尔法	2;加速再生:若持续攻击命中怪物，便能回复体力。回复量会依武器种类不同而有所变动。;1, 0, 0, 0
63	精英·狂纹腕甲阿尔法	2;加速再生:若持续攻击命中怪物，便能回复体力。回复量会依武器种类不同而有所变动。;1, 0, 0, 0
64	精英·狂纹腰甲阿尔法	2;加速再生:若持续攻击命中怪物，便能回复体力。回复量会依武器种类不同而有所变动。;1, 0, 0, 0
65	精英·狂纹护腿阿尔法	2;加速再生:若持续攻击命中怪物，便能回复体力。回复量会依武器种类不同而有所变动。;1, 0, 0, 0
66	精英·狂纹头盔贝塔	2;加速再生:若持续攻击命中怪物，便能回复体力。回复量会依武器种类不同而有所变动。;1, 0, 0, 0
67	精英·狂纹铠甲贝塔	2;加速再生:若持续攻击命中怪物，便能回复体力。回复量会依武器种类不同而有所变动。;1, 0, 0, 0
68	精英·狂纹腕甲贝塔	2;加速再生:若持续攻击命中怪物，便能回复体力。回复量会依武器种类不同而有所变动。;1, 0, 0, 0
69	精英·狂纹腰甲贝塔	2;加速再生:若持续攻击命中怪物，便能回复体力。回复量会依武器种类不同而有所变动。;1, 0, 0, 0
70	精英·狂纹护腿贝塔	2;加速再生:若持续攻击命中怪物，便能回复体力。回复量会依武器种类不同而有所变动。;1, 0, 0, 0
71	精英·迦楼罗头盔阿尔法	4;大地缝缠:装备衣装时，可获得耐震等级3、风压耐性等级3、耳塞等级3、胆怯无效之效果。;1, 0, 0, 0|5;真·大地缝缠:装备衣装时，可获得耐震等级3、耳塞等级5、风压完全无效、胆怯无效之效果。;2, 0, 0, 0
72	精英·迦楼罗铠甲阿尔法	4;大地缝缠:装备衣装时，可获得耐震等级3、风压耐性等级3、耳塞等级3、胆怯无效之效果。;1, 0, 0, 0|5;真·大地缝缠:装备衣装时，可获得耐震等级3、耳塞等级5、风压完全无效、胆怯无效之效果。;2, 0, 0, 0
73	精英·迦楼罗腕甲阿尔法	4;大地缝缠:装备衣装时，可获得耐震等级3、风压耐性等级3、耳塞等级3、胆怯无效之效果。;1, 0, 0, 0|5;真·大地缝缠:装备衣装时，可获得耐震等级3、耳塞等级5、风压完全无效、胆怯无效之效果。;2, 0, 0, 0
74	精英·迦楼罗腰甲阿尔法	4;大地缝缠:装备衣装时，可获得耐震等级3、风压耐性等级3、耳塞等级3、胆怯无效之效果。;1, 0, 0, 0|5;真·大地缝缠:装备衣装时，可获得耐震等级3、耳塞等级5、风压完全无效、胆怯无效之效果。;2, 0, 0, 0
75	精英·迦楼罗护腿阿尔法	4;大地缝缠:装备衣装时，可获得耐震等级3、风压耐性等级3、耳塞等级3、胆怯无效之效果。;1, 0, 0, 0|5;真·大地缝缠:装备衣装时，可获得耐震等级3、耳塞等级5、风压完全无效、胆怯无效之效果。;2, 0, 0, 0
76	精英·迦楼罗头盔贝塔	4;大地缝缠:装备衣装时，可获得耐震等级3、风压耐性等级3、耳塞等级3、胆怯无效之效果。;1, 0, 0, 0|5;真·大地缝缠:装备衣装时，可获得耐震等级3、耳塞等级5、风压完全无效、胆怯无效之效果。;2, 0, 0, 0
77	精英·迦楼罗铠甲贝塔	4;大地缝缠:装备衣装时，可获得耐震等级3、风压耐性等级3、耳塞等级3、胆怯无效之效果。;1, 0, 0, 0|5;真·大地缝缠:装备衣装时，可获得耐震等级3、耳塞等级5、风压完全无效、胆怯无效之效果。;2, 0, 0, 0
78	精英·迦楼罗腕甲贝塔	4;大地缝缠:装备衣装时，可获得耐震等级3、风压耐性等级3、耳塞等级3、胆怯无效之效果。;1, 0, 0, 0|5;真·大地缝缠:装备衣装时，可获得耐震等级3、耳塞等级5、风压完全无效、胆怯无效之效果。;2, 0, 0, 0
79	精英·迦楼罗腰甲贝塔	4;大地缝缠:装备衣装时，可获得耐震等级3、风压耐性等级3、耳塞等级3、胆怯无效之效果。;1, 0, 0, 0|5;真·大地缝缠:装备衣装时，可获得耐震等级3、耳塞等级5、风压完全无效、胆怯无效之效果。;2, 0, 0, 0
80	精英·迦楼罗护腿贝塔	4;大地缝缠:装备衣装时，可获得耐震等级3、风压耐性等级3、耳塞等级3、胆怯无效之效果。;1, 0, 0, 0|5;真·大地缝缠:装备衣装时，可获得耐震等级3、耳塞等级5、风压完全无效、胆怯无效之效果。;2, 0, 0, 0
81	精英·公会成果头饰阿尔法	2;幸运:完成任务获得的报酬数量容易变多。（从任务中途开始使用不会有效果）;1, 0, 0, 0|4;剥取名人:剥取次数增加1次。（从任务中途开始使用不会有效果）;1, 1, 0, 0
82	精英·公会成果身体阿尔法	2;幸运:完成任务获得的报酬数量容易变多。（从任务中途开始使用不会有效果）;1, 0, 0, 0|4;剥取名人:剥取次数增加1次。（从任务中途开始使用不会有效果）;1, 1, 0, 0
83	精英·公会成果腕甲阿尔法	2;幸运:完成任务获得的报酬数量容易变多。（从任务中途开始使用不会有效果）;1, 0, 0, 0|4;剥取名人:剥取次数增加1次。（从任务中途开始使用不会有效果）;1, 1, 0, 0
84	精英·公会成果腰部阿尔法	2;幸运:完成任务获得的报酬数量容易变多。（从任务中途开始使用不会有效果）;1, 0, 0, 0|4;剥取名人:剥取次数增加1次。（从任务中途开始使用不会有效果）;1, 1, 0, 0
85	精英·公会成果靴阿尔法	2;幸运:完成任务获得的报酬数量容易变多。（从任务中途开始使用不会有效果）;1, 0, 0, 0|4;剥取名人:剥取次数增加1次。（从任务中途开始使用不会有效果）;1, 1, 0, 0
86	精英·公会成果头饰贝塔	2;幸运:完成任务获得的报酬数量容易变多。（从任务中途开始使用不会有效果）;1, 0, 0, 0|4;剥取名人:剥取次数增加1次。（从任务中途开始使用不会有效果）;1, 1, 0, 0
87	精英·公会成果身体贝塔	2;幸运:完成任务获得的报酬数量容易变多。（从任务中途开始使用不会有效果）;1, 0, 0, 0|4;剥取名人:剥取次数增加1次。（从任务中途开始使用不会有效果）;1, 1, 0, 0
88	精英·公会成果腕甲贝塔	2;幸运:完成任务获得的报酬数量容易变多。（从任务中途开始使用不会有效果）;1, 0, 0, 0|4;剥取名人:剥取次数增加1次。（从任务中途开始使用不会有效果）;1, 1, 0, 0
89	精英·公会成果腰部贝塔	2;幸运:完成任务获得的报酬数量容易变多。（从任务中途开始使用不会有效果）;1, 0, 0, 0|4;剥取名人:剥取次数增加1次。（从任务中途开始使用不会有效果）;1, 1, 0, 0
90	精英·公会成果靴贝塔	2;幸运:完成任务获得的报酬数量容易变多。（从任务中途开始使用不会有效果）;1, 0, 0, 0|4;剥取名人:剥取次数增加1次。（从任务中途开始使用不会有效果）;1, 1, 0, 0
91	精英·金黄澄月头盔阿尔法	2;精灵加护·极意:解放精灵加护技能的等级上限。;1, 0, 0, 0|4;真·会心击【特殊】:大幅提升会心攻击产生时造成的状态异常值（麻痹、毒、睡眠、爆破）。;1, 1, 0, 0
92	精英·金黄澄月铠甲阿尔法	2;精灵加护·极意:解放精灵加护技能的等级上限。;1, 0, 0, 0|4;真·会心击【特殊】:大幅提升会心攻击产生时造成的状态异常值（麻痹、毒、睡眠、爆破）。;1, 1, 0, 0
93	精英·金黄澄月腕甲阿尔法	2;精灵加护·极意:解放精灵加护技能的等级上限。;1, 0, 0, 0|4;真·会心击【特殊】:大幅提升会心攻击产生时造成的状态异常值（麻痹、毒、睡眠、爆破）。;1, 1, 0, 0
94	精英·金黄澄月腰甲阿尔法	2;精灵加护·极意:解放精灵加护技能的等级上限。;1, 0, 0, 0|4;真·会心击【特殊】:大幅提升会心攻击产生时造成的状态异常值（麻痹、毒、睡眠、爆破）。;1, 1, 0, 0
95	精英·金黄澄月护腿阿尔法	2;精灵加护·极意:解放精灵加护技能的等级上限。;1, 0, 0, 0|4;真·会心击【特殊】:大幅提升会心攻击产生时造成的状态异常值（麻痹、毒、睡眠、爆破）。;1, 1, 0, 0
96	精英·金黄澄月头盔贝塔	2;精灵加护·极意:解放精灵加护技能的等级上限。;1, 0, 0, 0|4;真·会心击【特殊】:大幅提升会心攻击产生时造成的状态异常值（麻痹、毒、睡眠、爆破）。;1, 1, 0, 0
97	精英·金黄澄月铠甲贝塔	2;精灵加护·极意:解放精灵加护技能的等级上限。;1, 0, 0, 0|4;真·会心击【特殊】:大幅提升会心攻击产生时造成的状态异常值（麻痹、毒、睡眠、爆破）。;1, 1, 0, 0
98	精英·金黄澄月腕甲贝塔	2;精灵加护·极意:解放精灵加护技能的等级上限。;1, 0, 0, 0|4;真·会心击【特殊】:大幅提升会心攻击产生时造成的状态异常值（麻痹、毒、睡眠、爆破）。;1, 1, 0, 0
99	精英·金黄澄月腰甲贝塔	2;精灵加护·极意:解放精灵加护技能的等级上限。;1, 0, 0, 0|4;真·会心击【特殊】:大幅提升会心攻击产生时造成的状态异常值（麻痹、毒、睡眠、爆破）。;1, 1, 0, 0
100	精英·金黄澄月护腿贝塔	2;精灵加护·极意:解放精灵加护技能的等级上限。;1, 0, 0, 0|4;真·会心击【特殊】:大幅提升会心攻击产生时造成的状态异常值（麻痹、毒、睡眠、爆破）。;1, 1, 0, 0
101	精英·银白耀日头盔阿尔法	2;投射器装填·极意:解放投射器装填数提升技能等级上限。;1, 0, 0, 0|4;真·会心击【属性】:大幅提升会心攻击产生时造成的属性伤害（火、水、雷、冰、龙）。;1, 1, 0, 0
102	精英·银白耀日铠甲阿尔法	2;投射器装填·极意:解放投射器装填数提升技能等级上限。;1, 0, 0, 0|4;真·会心击【属性】:大幅提升会心攻击产生时造成的属性伤害（火、水、雷、冰、龙）。;1, 1, 0, 0
103	精英·银白耀日腕甲阿尔法	2;投射器装填·极意:解放投射器装填数提升技能等级上限。;1, 0, 0, 0|4;真·会心击【属性】:大幅提升会心攻击产生时造成的属性伤害（火、水、雷、冰、龙）。;1, 1, 0, 0
104	精英·银白耀日腰甲阿尔法	2;投射器装填·极意:解放投射器装填数提升技能等级上限。;1, 0, 0, 0|4;真·会心击【属性】:大幅提升会心攻击产生时造成的属性伤害（火、水、雷、冰、龙）。;1, 1, 0, 0
105	精英·银白耀日护腿阿尔法	2;投射器装填·极意:解放投射器装填数提升技能等级上限。;1, 0, 0, 0|4;真·会心击【属性】:大幅提升会心攻击产生时造成的属性伤害（火、水、雷、冰、龙）。;1, 1, 0, 0
106	精英·银白耀日头盔贝塔	2;投射器装填·极意:解放投射器装填数提升技能等级上限。;1, 0, 0, 0|4;真·会心击【属性】:大幅提升会心攻击产生时造成的属性伤害（火、水、雷、冰、龙）。;1, 1, 0, 0
107	精英·银白耀日铠甲贝塔	2;投射器装填·极意:解放投射器装填数提升技能等级上限。;1, 0, 0, 0|4;真·会心击【属性】:大幅提升会心攻击产生时造成的属性伤害（火、水、雷、冰、龙）。;1, 1, 0, 0
108	精英·银白耀日腕甲贝塔	2;投射器装填·极意:解放投射器装填数提升技能等级上限。;1, 0, 0, 0|4;真·会心击【属性】:大幅提升会心攻击产生时造成的属性伤害（火、水、雷、冰、龙）。;1, 1, 0, 0
109	精英·银白耀日腰甲贝塔	2;投射器装填·极意:解放投射器装填数提升技能等级上限。;1, 0, 0, 0|4;真·会心击【属性】:大幅提升会心攻击产生时造成的属性伤害（火、水、雷、冰、龙）。;1, 1, 0, 0
110	精英·银白耀日护腿贝塔	2;投射器装填·极意:解放投射器装填数提升技能等级上限。;1, 0, 0, 0|4;真·会心击【属性】:大幅提升会心攻击产生时造成的属性伤害（火、水、雷、冰、龙）。;1, 1, 0, 0
111	精英·铸岛熔岩头饰阿尔法	3;炮术·极意:解放炮术技能的等级上限。;1, 0, 0, 0
112	精英·铸岛熔岩皮阿尔法	3;炮术·极意:解放炮术技能的等级上限。;1, 0, 0, 0
113	精英·铸岛熔岩钢爪阿尔法	3;炮术·极意:解放炮术技能的等级上限。;1, 0, 0, 0
114	精英·铸岛熔岩脊椎阿尔法	3;炮术·极意:解放炮术技能的等级上限。;1, 0, 0, 0
115	精英·铸岛熔岩靴阿尔法	3;炮术·极意:解放炮术技能的等级上限。;1, 0, 0, 0
116	精英·铸岛熔岩头饰贝塔	3;炮术·极意:解放炮术技能的等级上限。;1, 0, 0, 0
117	精英·铸岛熔岩皮贝塔	3;炮术·极意:解放炮术技能的等级上限。;1, 0, 0, 0
118	精英·铸岛熔岩钢爪贝塔	3;炮术·极意:解放炮术技能的等级上限。;1, 0, 0, 0
119	精英·铸岛熔岩脊椎贝塔	3;炮术·极意:解放炮术技能的等级上限。;1, 0, 0, 0
120	精英·铸岛熔岩靴贝塔	3;炮术·极意:解放炮术技能的等级上限。;1, 0, 0, 0
121	精英·齐天毛发阿尔法	2;浑身·极意:解放精神抖擞技能的等级上限。;1, 0, 0, 0|4;火场怪力·极意:解放火场怪力技能的等级上限。;1, 0, 0, 0
122	精英·齐天衣阿尔法	2;浑身·极意:解放精神抖擞技能的等级上限。;1, 0, 0, 0|4;火场怪力·极意:解放火场怪力技能的等级上限。;1, 0, 0, 0
123	精英·齐天臂甲阿尔法	2;浑身·极意:解放精神抖擞技能的等级上限。;1, 0, 0, 0|4;火场怪力·极意:解放火场怪力技能的等级上限。;1, 0, 0, 0
124	精英·齐天腰带阿尔法	2;浑身·极意:解放精神抖擞技能的等级上限。;1, 0, 0, 0|4;火场怪力·极意:解放火场怪力技能的等级上限。;1, 0, 0, 0
125	精英·齐天腿甲阿尔法	2;浑身·极意:解放精神抖擞技能的等级上限。;1, 0, 0, 0|4;火场怪力·极意:解放火场怪力技能的等级上限。;1, 0, 0, 0
126	精英·齐天毛发贝塔	2;浑身·极意:解放精神抖擞技能的等级上限。;1, 0, 0, 0|4;火场怪力·极意:解放火场怪力技能的等级上限。;1, 0, 0, 0
127	精英·齐天衣贝塔	2;浑身·极意:解放精神抖擞技能的等级上限。;1, 0, 0, 0|4;火场怪力·极意:解放火场怪力技能的等级上限。;1, 0, 0, 0
128	精英·齐天臂甲贝塔	2;浑身·极意:解放精神抖擞技能的等级上限。;1, 0, 0, 0|4;火场怪力·极意:解放火场怪力技能的等级上限。;1, 0, 0, 0
129	精英·齐天腰带贝塔	2;浑身·极意:解放精神抖擞技能的等级上限。;1, 0, 0, 0|4;火场怪力·极意:解放火场怪力技能的等级上限。;1, 0, 0, 0
130	精英·齐天腿甲贝塔	2;浑身·极意:解放精神抖擞技能的等级上限。;1, 0, 0, 0|4;火场怪力·极意:解放火场怪力技能的等级上限。;1, 0, 0, 0
131	精英·铁腕头盔阿尔法	4;炮术·极意:解放炮术技能的等级上限。;1, 0, 0, 0|2;挑战者·极意:解放挑战者技能的等级上限。;1, 0, 0, 0
132	精英·铁腕铠甲阿尔法	4;炮术·极意:解放炮术技能的等级上限。;1, 0, 0, 0|2;挑战者·极意:解放挑战者技能的等级上限。;1, 0, 0, 0
133	精英·铁腕腕甲阿尔法	4;炮术·极意:解放炮术技能的等级上限。;1, 0, 0, 0|2;挑战者·极意:解放挑战者技能的等级上限。;1, 0, 0, 0
134	精英·铁腕腰甲阿尔法	4;炮术·极意:解放炮术技能的等级上限。;1, 0, 0, 0|2;挑战者·极意:解放挑战者技能的等级上限。;1, 0, 0, 0
135	精英·铁腕护腿阿尔法	4;炮术·极意:解放炮术技能的等级上限。;1, 0, 0, 0|2;挑战者·极意:解放挑战者技能的等级上限。;1, 0, 0, 0
136	精英·铁腕头盔贝塔	4;炮术·极意:解放炮术技能的等级上限。;1, 0, 0, 0|2;挑战者·极意:解放挑战者技能的等级上限。;1, 0, 0, 0
137	精英·铁腕铠甲贝塔	4;炮术·极意:解放炮术技能的等级上限。;1, 0, 0, 0|2;挑战者·极意:解放挑战者技能的等级上限。;1, 0, 0, 0
138	精英·铁腕腕甲贝塔	4;炮术·极意:解放炮术技能的等级上限。;1, 0, 0, 0|2;挑战者·极意:解放挑战者技能的等级上限。;1, 0, 0, 0
139	精英·铁腕腰甲贝塔	4;炮术·极意:解放炮术技能的等级上限。;1, 0, 0, 0|2;挑战者·极意:解放挑战者技能的等级上限。;1, 0, 0, 0
140	精英·铁腕护腿贝塔	4;炮术·极意:解放炮术技能的等级上限。;1, 0, 0, 0|2;挑战者·极意:解放挑战者技能的等级上限。;1, 0, 0, 0
141	精英·龙纹刻印封冠阿尔法	3;龙脉觉醒:拔刀状态下，属性、状态异常值、会心率上升。攻击时仍会受到伤害，但持续攻击就能发挥自动回复效果。;1, 0, 0, 0|5;真·龙脉觉醒:进一步提升拔刀状态中的攻击性能。攻击时虽然仍会受到伤害，但只要持续攻击，就能发挥自动回复效果。;2, 0, 0, 0
142	精英·龙纹刻印封铠阿尔法	3;龙脉觉醒:拔刀状态下，属性、状态异常值、会心率上升。攻击时仍会受到伤害，但持续攻击就能发挥自动回复效果。;1, 0, 0, 0|5;真·龙脉觉醒:进一步提升拔刀状态中的攻击性能。攻击时虽然仍会受到伤害，但只要持续攻击，就能发挥自动回复效果。;2, 0, 0, 0
143	精英·龙纹刻印封甲阿尔法	3;龙脉觉醒:拔刀状态下，属性、状态异常值、会心率上升。攻击时仍会受到伤害，但持续攻击就能发挥自动回复效果。;1, 0, 0, 0|5;真·龙脉觉醒:进一步提升拔刀状态中的攻击性能。攻击时虽然仍会受到伤害，但只要持续攻击，就能发挥自动回复效果。;2, 0, 0, 0
144	精英·龙纹刻印封带阿尔法	3;龙脉觉醒:拔刀状态下，属性、状态异常值、会心率上升。攻击时仍会受到伤害，但持续攻击就能发挥自动回复效果。;1, 0, 0, 0|5;真·龙脉觉醒:进一步提升拔刀状态中的攻击性能。攻击时虽然仍会受到伤害，但只要持续攻击，就能发挥自动回复效果。;2, 0, 0, 0
145	精英·龙纹刻印封靴阿尔法	3;龙脉觉醒:拔刀状态下，属性、状态异常值、会心率上升。攻击时仍会受到伤害，但持续攻击就能发挥自动回复效果。;1, 0, 0, 0|5;真·龙脉觉醒:进一步提升拔刀状态中的攻击性能。攻击时虽然仍会受到伤害，但只要持续攻击，就能发挥自动回复效果。;2, 0, 0, 0
146	精英·龙纹刻印封冠贝塔	3;龙脉觉醒:拔刀状态下，属性、状态异常值、会心率上升。攻击时仍会受到伤害，但持续攻击就能发挥自动回复效果。;1, 0, 0, 0|5;真·龙脉觉醒:进一步提升拔刀状态中的攻击性能。攻击时虽然仍会受到伤害，但只要持续攻击，就能发挥自动回复效果。;2, 0, 0, 0
147	精英·龙纹刻印封铠贝塔	3;龙脉觉醒:拔刀状态下，属性、状态异常值、会心率上升。攻击时仍会受到伤害，但持续攻击就能发挥自动回复效果。;1, 0, 0, 0|5;真·龙脉觉醒:进一步提升拔刀状态中的攻击性能。攻击时虽然仍会受到伤害，但只要持续攻击，就能发挥自动回复效果。;2, 0, 0, 0
148	精英·龙纹刻印封甲贝塔	3;龙脉觉醒:拔刀状态下，属性、状态异常值、会心率上升。攻击时仍会受到伤害，但持续攻击就能发挥自动回复效果。;1, 0, 0, 0|5;真·龙脉觉醒:进一步提升拔刀状态中的攻击性能。攻击时虽然仍会受到伤害，但只要持续攻击，就能发挥自动回复效果。;2, 0, 0, 0
149	精英·龙纹刻印封带贝塔	3;龙脉觉醒:拔刀状态下，属性、状态异常值、会心率上升。攻击时仍会受到伤害，但持续攻击就能发挥自动回复效果。;1, 0, 0, 0|5;真·龙脉觉醒:进一步提升拔刀状态中的攻击性能。攻击时虽然仍会受到伤害，但只要持续攻击，就能发挥自动回复效果。;2, 0, 0, 0
150	精英·龙纹刻印封靴贝塔	3;龙脉觉醒:拔刀状态下，属性、状态异常值、会心率上升。攻击时仍会受到伤害，但持续攻击就能发挥自动回复效果。;1, 0, 0, 0|5;真·龙脉觉醒:进一步提升拔刀状态中的攻击性能。攻击时虽然仍会受到伤害，但只要持续攻击，就能发挥自动回复效果。;2, 0, 0, 0
151	精英·煌黑龙智慧阿尔法	2;耐性变换【属性】:防御的属性耐性值越高，装备的武器属性值也越会增高。;5, 2, 0, 0|3;全属性耐性强化:全属性耐性值1.2倍;5, 2, 20, 0
152	精英·煌黑龙灵魂阿尔法	2;耐性变换【属性】:防御的属性耐性值越高，装备的武器属性值也越会增高。;5, 2, 0, 0|3;全属性耐性强化:全属性耐性值1.2倍;5, 2, 20, 0
153	精英·煌黑龙长腕阿尔法	2;耐性变换【属性】:防御的属性耐性值越高，装备的武器属性值也越会增高。;5, 2, 0, 0|3;全属性耐性强化:全属性耐性值1.2倍;5, 2, 20, 0
154	精英·煌黑龙神力阿尔法	2;耐性变换【属性】:防御的属性耐性值越高，装备的武器属性值也越会增高。;5, 2, 0, 0|3;全属性耐性强化:全属性耐性值1.2倍;5, 2, 20, 0
155	精英·煌黑龙细鳞阿尔法	2;耐性变换【属性】:防御的属性耐性值越高，装备的武器属性值也越会增高。;5, 2, 0, 0|3;全属性耐性强化:全属性耐性值1.2倍;5, 2, 20, 0
156	精英·煌黑龙智慧贝塔	2;耐性变换【属性】:防御的属性耐性值越高，装备的武器属性值也越会增高。;5, 2, 0, 0|3;全属性耐性强化:全属性耐性值1.2倍;5, 2, 20, 0
157	精英·煌黑龙灵魂贝塔	2;耐性变换【属性】:防御的属性耐性值越高，装备的武器属性值也越会增高。;5, 2, 0, 0|3;全属性耐性强化:全属性耐性值1.2倍;5, 2, 20, 0
158	精英·煌黑龙长腕贝塔	2;耐性变换【属性】:防御的属性耐性值越高，装备的武器属性值也越会增高。;5, 2, 0, 0|3;全属性耐性强化:全属性耐性值1.2倍;5, 2, 20, 0
159	精英·煌黑龙神力贝塔	2;耐性变换【属性】:防御的属性耐性值越高，装备的武器属性值也越会增高。;5, 2, 0, 0|3;全属性耐性强化:全属性耐性值1.2倍;5, 2, 20, 0
160	精英·煌黑龙细鳞贝塔	2;耐性变换【属性】:防御的属性耐性值越高，装备的武器属性值也越会增高。;5, 2, 0, 0|3;全属性耐性强化:全属性耐性值1.2倍;5, 2, 20, 0
161	精英·封印的龙骸布阿尔法	
162	精英·皇后扇形头盔阿尔法	3;整备·极意:解放整备技能的等级上限。;1, 0, 0, 0
163	精英·皇后铠甲阿尔法	3;整备·极意:解放整备技能的等级上限。;1, 0, 0, 0
164	精英·皇后腕甲阿尔法	3;整备·极意:解放整备技能的等级上限。;1, 0, 0, 0
165	精英·皇后腰甲阿尔法	3;整备·极意:解放整备技能的等级上限。;1, 0, 0, 0
166	精英·皇后护腿阿尔法	3;整备·极意:解放整备技能的等级上限。;1, 0, 0, 0
167	精英·皇后扇形头盔贝塔	3;整备·极意:解放整备技能的等级上限。;1, 0, 0, 0
168	精英·皇后铠甲贝塔	3;整备·极意:解放整备技能的等级上限。;1, 0, 0, 0
169	精英·皇后腕甲贝塔	3;整备·极意:解放整备技能的等级上限。;1, 0, 0, 0
170	精英·皇后腰甲贝塔	3;整备·极意:解放整备技能的等级上限。;1, 0, 0, 0
171	精英·皇后护腿贝塔	3;整备·极意:解放整备技能的等级上限。;1, 0, 0, 0
172	精英·绚辉龙铠罗头盔阿尔法	2;毅力:当体力在一定程度以上时，即使承受了超过体力的伤害，也能撑住而不耗尽体力一次。;1, 0, 0, 0|4;满足感·极意:解放满足感技能的等级上限。;1, 0, 0, 0
173	精英·绚辉龙铠罗铠甲阿尔法	2;毅力:当体力在一定程度以上时，即使承受了超过体力的伤害，也能撑住而不耗尽体力一次。;1, 0, 0, 0|4;满足感·极意:解放满足感技能的等级上限。;1, 0, 0, 0
174	精英·绚辉龙铠罗腕甲阿尔法	2;毅力:当体力在一定程度以上时，即使承受了超过体力的伤害，也能撑住而不耗尽体力一次。;1, 0, 0, 0|4;满足感·极意:解放满足感技能的等级上限。;1, 0, 0, 0
175	精英·绚辉龙铠罗腰甲阿尔法	2;毅力:当体力在一定程度以上时，即使承受了超过体力的伤害，也能撑住而不耗尽体力一次。;1, 0, 0, 0|4;满足感·极意:解放满足感技能的等级上限。;1, 0, 0, 0
176	精英·绚辉龙铠罗护腿阿尔法	2;毅力:当体力在一定程度以上时，即使承受了超过体力的伤害，也能撑住而不耗尽体力一次。;1, 0, 0, 0|4;满足感·极意:解放满足感技能的等级上限。;1, 0, 0, 0
177	精英·绚辉龙铠罗头盔贝塔	2;毅力:当体力在一定程度以上时，即使承受了超过体力的伤害，也能撑住而不耗尽体力一次。;1, 0, 0, 0|4;满足感·极意:解放满足感技能的等级上限。;1, 0, 0, 0
178	精英·绚辉龙铠罗铠甲贝塔	2;毅力:当体力在一定程度以上时，即使承受了超过体力的伤害，也能撑住而不耗尽体力一次。;1, 0, 0, 0|4;满足感·极意:解放满足感技能的等级上限。;1, 0, 0, 0
179	精英·绚辉龙铠罗腕甲贝塔	2;毅力:当体力在一定程度以上时，即使承受了超过体力的伤害，也能撑住而不耗尽体力一次。;1, 0, 0, 0|4;满足感·极意:解放满足感技能的等级上限。;1, 0, 0, 0
180	精英·绚辉龙铠罗腰甲贝塔	2;毅力:当体力在一定程度以上时，即使承受了超过体力的伤害，也能撑住而不耗尽体力一次。;1, 0, 0, 0|4;满足感·极意:解放满足感技能的等级上限。;1, 0, 0, 0
181	精英·绚辉龙铠罗护腿贝塔	2;毅力:当体力在一定程度以上时，即使承受了超过体力的伤害，也能撑住而不耗尽体力一次。;1, 0, 0, 0|4;满足感·极意:解放满足感技能的等级上限。;1, 0, 0, 0
182	精英·触角头盔伽马	2;属性加速:若持续攻击命中怪物，会发动一定时间的属性解放/装填扩充等级2。属性攻击力也会少量提升。;45, 2, 6, 0|4;真·属性加速:若持续攻击命中怪物，会发动一定时间的属性解放/装填扩充等级3。属性攻击力也会提升。;45, 3, 15, 0
183	精英·触角铠甲伽马	2;属性加速:若持续攻击命中怪物，会发动一定时间的属性解放/装填扩充等级2。属性攻击力也会少量提升。;45, 2, 6, 0|4;真·属性加速:若持续攻击命中怪物，会发动一定时间的属性解放/装填扩充等级3。属性攻击力也会提升。;45, 3, 15, 0
184	精英·触角腕甲伽马	2;属性加速:若持续攻击命中怪物，会发动一定时间的属性解放/装填扩充等级2。属性攻击力也会少量提升。;45, 2, 6, 0|4;真·属性加速:若持续攻击命中怪物，会发动一定时间的属性解放/装填扩充等级3。属性攻击力也会提升。;45, 3, 15, 0
185	精英·触角腰甲伽马	2;属性加速:若持续攻击命中怪物，会发动一定时间的属性解放/装填扩充等级2。属性攻击力也会少量提升。;45, 2, 6, 0|4;真·属性加速:若持续攻击命中怪物，会发动一定时间的属性解放/装填扩充等级3。属性攻击力也会提升。;45, 3, 15, 0
186	精英·触角护腿伽马	2;属性加速:若持续攻击命中怪物，会发动一定时间的属性解放/装填扩充等级2。属性攻击力也会少量提升。;45, 2, 6, 0|4;真·属性加速:若持续攻击命中怪物，会发动一定时间的属性解放/装填扩充等级3。属性攻击力也会提升。;45, 3, 15, 0
187	精英·雪崩头盔伽马	4;寒气炼成:纳刀状态下，会慢慢累积寒气，强化攻击力。当近身攻击击中时或发射箭·弹药时，寒气会逐渐丧失。;1, 1, 0, 0|2;会心攻击【属性】:提升会心攻击产生时造成的属性伤害（火、水、雷、冰、龙）。;1, 0, 0, 0
188	精英·雪崩铠甲伽马	4;寒气炼成:纳刀状态下，会慢慢累积寒气，强化攻击力。当近身攻击击中时或发射箭·弹药时，寒气会逐渐丧失。;1, 1, 0, 0|2;会心攻击【属性】:提升会心攻击产生时造成的属性伤害（火、水、雷、冰、龙）。;1, 0, 0, 0
189	精英·雪崩腕甲伽马	4;寒气炼成:纳刀状态下，会慢慢累积寒气，强化攻击力。当近身攻击击中时或发射箭·弹药时，寒气会逐渐丧失。;1, 1, 0, 0|2;会心攻击【属性】:提升会心攻击产生时造成的属性伤害（火、水、雷、冰、龙）。;1, 0, 0, 0
190	精英·雪崩腰甲伽马	4;寒气炼成:纳刀状态下，会慢慢累积寒气，强化攻击力。当近身攻击击中时或发射箭·弹药时，寒气会逐渐丧失。;1, 1, 0, 0|2;会心攻击【属性】:提升会心攻击产生时造成的属性伤害（火、水、雷、冰、龙）。;1, 0, 0, 0
191	精英·雪崩护腿伽马	4;寒气炼成:纳刀状态下，会慢慢累积寒气，强化攻击力。当近身攻击击中时或发射箭·弹药时，寒气会逐渐丧失。;1, 1, 0, 0|2;会心攻击【属性】:提升会心攻击产生时造成的属性伤害（火、水、雷、冰、龙）。;1, 0, 0, 0
192	精英·龙头头盔阿尔法	2;继承:解放因极意所限制的所有技能等级上限。;0, 0, 0, 0|4;超越:除了技能【真·利刃／弹丸节约】之外，任务开始时或力尽倒下后，体力·耐力＋100（不与其他效果重复）;1, 50, 50, 0
193	精英·龙皮阿尔法	2;继承:解放因极意所限制的所有技能等级上限。;0, 0, 0, 0|4;超越:除了技能【真·利刃／弹丸节约】之外，任务开始时或力尽倒下后，体力·耐力＋100（不与其他效果重复）;1, 50, 50, 0
194	精英·龙钢爪阿尔法	2;继承:解放因极意所限制的所有技能等级上限。;0, 0, 0, 0|4;超越:除了技能【真·利刃／弹丸节约】之外，任务开始时或力尽倒下后，体力·耐力＋100（不与其他效果重复）;1, 50, 50, 0
195	精英·龙脊椎阿尔法	2;继承:解放因极意所限制的所有技能等级上限。;0, 0, 0, 0|4;超越:除了技能【真·利刃／弹丸节约】之外，任务开始时或力尽倒下后，体力·耐力＋100（不与其他效果重复）;1, 50, 50, 0
196	精英·龙靴阿尔法	2;继承:解放因极意所限制的所有技能等级上限。;0, 0, 0, 0|4;超越:除了技能【真·利刃／弹丸节约】之外，任务开始时或力尽倒下后，体力·耐力＋100（不与其他效果重复）;1, 50, 50, 0
197	精英·龙头头盔贝塔	2;继承:解放因极意所限制的所有技能等级上限。;0, 0, 0, 0|4;超越:除了技能【真·利刃／弹丸节约】之外，任务开始时或力尽倒下后，体力·耐力＋100（不与其他效果重复）;1, 50, 50, 0
198	精英·龙皮贝塔	2;继承:解放因极意所限制的所有技能等级上限。;0, 0, 0, 0|4;超越:除了技能【真·利刃／弹丸节约】之外，任务开始时或力尽倒下后，体力·耐力＋100（不与其他效果重复）;1, 50, 50, 0
199	精英·龙钢爪贝塔	2;继承:解放因极意所限制的所有技能等级上限。;0, 0, 0, 0|4;超越:除了技能【真·利刃／弹丸节约】之外，任务开始时或力尽倒下后，体力·耐力＋100（不与其他效果重复）;1, 50, 50, 0
200	精英·龙脊椎贝塔	2;继承:解放因极意所限制的所有技能等级上限。;0, 0, 0, 0|4;超越:除了技能【真·利刃／弹丸节约】之外，任务开始时或力尽倒下后，体力·耐力＋100（不与其他效果重复）;1, 50, 50, 0
201	精英·龙靴贝塔	2;继承:解放因极意所限制的所有技能等级上限。;0, 0, 0, 0|4;超越:除了技能【真·利刃／弹丸节约】之外，任务开始时或力尽倒下后，体力·耐力＋100（不与其他效果重复）;1, 50, 50, 0
202	精英·里昂面罩阿尔法	2;丧尸·瘴气耐性:不会受瘴气侵蚀的影响，也不会变成丧尸状态。;1, 0, 0, 0|4;挑战者·极意:解放挑战者技能的等级上限。;1, 0, 0, 0
203	精英·里昂身体阿尔法	2;丧尸·瘴气耐性:不会受瘴气侵蚀的影响，也不会变成丧尸状态。;1, 0, 0, 0|4;挑战者·极意:解放挑战者技能的等级上限。;1, 0, 0, 0
204	精英·里昂腕部阿尔法	2;丧尸·瘴气耐性:不会受瘴气侵蚀的影响，也不会变成丧尸状态。;1, 0, 0, 0|4;挑战者·极意:解放挑战者技能的等级上限。;1, 0, 0, 0
205	精英·里昂腰部阿尔法	2;丧尸·瘴气耐性:不会受瘴气侵蚀的影响，也不会变成丧尸状态。;1, 0, 0, 0|4;挑战者·极意:解放挑战者技能的等级上限。;1, 0, 0, 0
206	精英·里昂脚部阿尔法	2;丧尸·瘴气耐性:不会受瘴气侵蚀的影响，也不会变成丧尸状态。;1, 0, 0, 0|4;挑战者·极意:解放挑战者技能的等级上限。;1, 0, 0, 0
207	精英·克莱尔面罩阿尔法	2;丧尸·瘴气耐性:不会受瘴气侵蚀的影响，也不会变成丧尸状态。;1, 0, 0, 0|4;挑战者·极意:解放挑战者技能的等级上限。;1, 0, 0, 0
208	精英·克莱尔身体阿尔法	2;丧尸·瘴气耐性:不会受瘴气侵蚀的影响，也不会变成丧尸状态。;1, 0, 0, 0|4;挑战者·极意:解放挑战者技能的等级上限。;1, 0, 0, 0
209	精英·克莱尔腕部阿尔法	2;丧尸·瘴气耐性:不会受瘴气侵蚀的影响，也不会变成丧尸状态。;1, 0, 0, 0|4;挑战者·极意:解放挑战者技能的等级上限。;1, 0, 0, 0
210	精英·克莱尔腰部阿尔法	2;丧尸·瘴气耐性:不会受瘴气侵蚀的影响，也不会变成丧尸状态。;1, 0, 0, 0|4;挑战者·极意:解放挑战者技能的等级上限。;1, 0, 0, 0
211	精英·克莱尔脚部阿尔法	2;丧尸·瘴气耐性:不会受瘴气侵蚀的影响，也不会变成丧尸状态。;1, 0, 0, 0|4;挑战者·极意:解放挑战者技能的等级上限。;1, 0, 0, 0
