243|4017	14
243|4513	4
242|190	366
246|1562	27
244|4526	94
243|416	553
250|4080	7
250|4560	62
248|4113	4
249|1790	77
244|881	144
244|4522	27
249|1784	32
247|1080	3
251|2220	45
242|181	100
253|2741	42
241|647	18
245|1302	4
243|408	169
242|145	9
242|44	23
243|395	242
252|2497	21
251|2226	174
250|1850	9
242|91	4
250|1995	25
245|1348	61
253|4102	51
254|2441	46
243|4009	4
241|652	4
242|55	175
254|2358	6
242|5	28
249|1685	7
250|1908	7
253|2854	17
246|1449	4
251|2059	4
243|274	71
252|4097	5
246|1498	7
246|1422	13
248|2916	8
246|1532	3
253|2863	113
253|4103	11
244|773	10
250|2003	61
244|879	13
254|4090	13
243|266	70
251|2091	25
254|2319	3
254|4092	41
243|237	37
247|1113	56
252|2617	8
243|410	40
243|4508	11
254|4571	17
254|2331	13
248|4112	30
245|1342	11
248|2986	5
252|2606	3
253|2740	5
253|2755	25
250|1982	7
244|748	21
254|2341	8
241|504	21
241|651	98
250|1875	15
253|2731	17
252|4099	61
254|2404	3
242|35	6
254|2439	8
254|2398	7
254|2387	3
242|188	12
242|183	35
244|754	6
254|2396	8
254|2325	3
254|2338	5
243|277	4
245|1200	9
246|4062	13
250|1920	16
252|2604	4
245|4053	10
242|36	14
247|1043	16
243|4512	12
253|2859	3
251|2102	31
242|92	14
253|2747	7
254|4091	21
242|54	3
251|2097	11
243|342	3
247|938	12
243|374	13
249|4070	6
243|293	3
243|389	6
242|187	10
244|889	83
244|804	18
243|273	26
246|1470	4
244|740	35
244|4525	11
247|973	12
242|4004	8
254|2326	3
249|1672	11
251|2096	3
243|246	9
242|167	12
249|1668	23
249|4549	6
243|352	7
243|263	33
244|4035	5
244|702	5
253|2820	35
252|2658	7
244|4521	13
251|2066	3
253|2833	5
242|19	3
244|828	11
254|4570	7
254|2435	40
254|4573	3
244|848	7
242|14	5
247|1053	5
246|1558	13
252|2550	7
254|2388	6
242|4	4
242|151	3
247|989	9
249|1615	17
249|1720	3
244|4527	6
244|4027	9
250|4561	4
242|4002	8
243|236	4
253|2826	8
242|4008	16
251|2132	7
243|379	7
242|53	3
243|388	16
246|1406	3
249|1786	6
243|272	9
241|465	3
247|1052	3
251|2180	3
245|1168	3
247|1109	29
253|2856	4
249|1653	4
244|4524	3
254|4093	3
242|18	9
250|1839	4
249|1760	5
253|2702	4
251|2050	4
241|560	3
246|1395	4
246|1566	3
253|2819	3
244|844	5
242|119	12
242|43	4
252|2588	8
243|4013	13
251|2217	4
253|2739	4
250|1912	5
245|1204	7
250|1861	4
250|1891	7
243|309	9
254|4572	7
248|2982	3
254|2273	4
242|168	20
243|255	11
247|1111	6
248|4108	3
249|1761	4
254|2397	8
241|4514	5
250|1997	10
243|402	5
241|4515	4
244|800	5
249|1659	3
246|1420	3
253|2754	6
252|2654	4
254|4575	5
248|3079	15
244|809	3
249|1631	3
254|2274	15
241|4020	4
244|752	5
242|4000	5
241|544	3
241|4022	7
241|4024	4
243|4011	16
249|1611	3
250|1904	3
243|405	4
254|4094	3
251|2214	6
251|2084	5
252|2586	4
244|811	5
245|1317	4
253|2855	7
244|719	3
247|1051	4
244|747	5
244|803	5
243|254	4
242|149	3
241|535	5
251|2152	8
244|843	5
243|289	4
248|3047	3
247|988	3
243|296	4
247|1065	3
249|1697	10
243|271	3
244|4029	4
242|17	3
242|178	8
243|412	3
243|413	8
254|2357	3
242|130	4
244|857	3
250|4559	4
247|947	5
242|4006	4
243|244	3
247|959	3
246|1550	4
